,address,tokens_bought,tokens_sold,total_transactions,unique_tokens_bought,unique_tokens_sold,net_posters
0,0x39da41747a83aee658334415666f3ef92dd0d541,1243,1243,2486,1031,1031,0
1,0xca86d57519dbfe34a25eef0923b259ab07986b71,1092,1092,2184,389,389,0
2,0x995bf64daba77afc7a26cb2eb8ddf1404921904a,552,552,1104,322,322,0
3,0xfcb11f4f6749dd517aaa9f38035fecc1fd91291d,533,532,1065,518,517,1
4,0xa580bfa51f601abaf1ac4d95c4979a9a8490503a,519,0,519,519,0,519
5,0xff76aec6a91003efd97eb8e2d3ecc7dfe46d347c,336,138,474,336,138,198
6,0xee07582915f320cf9d522e036dfbee9e3e7cc003,207,205,412,193,192,2
7,0x2984542c5cc06a7094e400df3e07245202a28e37,187,187,374,163,163,0
8,0x6aa76d504186a39a6e2d1dbe15fd84bc7812e15a,179,179,358,179,179,0
9,0xfb4d040f2adde9ccbacd49dcffc17e2c00540bdf,179,179,358,179,179,0
10,0x4268560e1fd35f4006af49dbfb8db2edb218424f,167,167,334,133,133,0
11,0xb3c5b28ca329278737eb4c241c248c983bde2309,137,137,274,130,130,0
12,0x47693c2d01ea94ce3ced39544ccf221091195d73,124,124,248,117,117,0
13,0x91d674cbcc25cec8cfd7ea1f93bd58ccaec45bdd,121,115,236,112,110,6
14,0xe46a5dfd891bc7a83115f8ed5c1dee7bd86459d8,118,117,235,116,115,1
15,0xfcdff567626d45a60d8e0b223a74cc93dc8b0c6e,113,113,226,111,111,0
16,0xc841b289918a1a7559263bc4c78af1ed15dd49c4,103,103,206,103,103,0
17,0xf6d0674ad1edd38765f777eb9faf33e1cb1a401c,98,98,196,94,94,0
18,0xca41a5fccf73d0793bdf8657ed4010ec40f10f2c,91,90,181,91,90,1
19,0xa111f44ba2f4055e24cb50dd9f7a321680b088cf,90,90,180,87,87,0
20,0x4a4d944301507a175824de2dae490e9aeca5c347,177,0,177,177,0,177
21,0x6f7ce10cf9335216f63f37f15d6734a1d417db92,88,88,176,87,87,0
22,0x85a7951a4d6cbe216da59f169774510f0f172e86,86,86,172,82,82,0
23,0xa6e950aa70ebaaf99686a5d95afe8aca8b5e353b,86,86,172,86,86,0
24,0x1a9a0b97ce419891f67468f81c91bc82497956e8,97,74,171,96,73,23
25,0x7d32184150b6f100f3bc8c5b938838be5435fe3b,120,48,168,120,48,72
26,0x1dd50940e8a52ae46d8d4953922ff204a3e8a698,119,36,155,118,36,83
27,0x1e2ab2c1ee48aa5c705e6a638087bf7fc1877095,77,77,154,75,75,0
28,0xb0d0b6da40e1b3abca12a38f5bd95793de935635,80,73,153,79,72,7
29,0x63c8bc272893ec40ce9bc2041cecb19b58531dcd,76,76,152,75,75,0
30,0x26430b7967c92b913752733003208f924381e5bf,73,73,146,71,71,0
31,0xd67360166baf50bd81bf7972ae5a4bc105e79f2a,72,72,144,72,72,0
32,0x32cc2ec897f21a77a704e9a7313af6a640c47bb5,88,55,143,88,55,33
33,0x5214249e9c1baf1a5034b2d3ffe7a62853cd1976,71,71,142,70,70,0
34,0x40e2e1f240d8f642703f7bd3e4914405f5159068,75,67,142,75,67,8
35,0x8956652eef9b16841fa3188aeed5135bde11c11b,71,71,142,68,68,0
36,0x1064aa646a7aedbd40816fc0c35e044d0244a764,68,68,136,68,68,0
37,0xa69833b9fda816f1bfc79517e7932e64708df0dd,65,65,130,57,57,0
38,0x90b74ef7bc1975bcb1c67450c7b1575922b67e54,64,64,128,58,58,0
39,0xb35248feeb246b850fac690a1beaf5130dc71894,62,62,124,61,61,0
40,0xffce05977d9bbb31a2afeb10980f7e35247d1121,60,60,120,59,59,0
41,0xdf2d3dd3b5d943cd9222956a3d75fa7037598bcf,60,60,120,60,60,0
42,0xc270b3a8428b222905c2564b0118fb4a0e10bb81,61,58,119,60,57,3
43,0x5d0d47f2eea897c2c56f79ff18ce0e3eb24bdd71,59,59,118,55,55,0
44,0x46ed3e4ce79e0b0634ccb03032829c076ad2a76a,88,28,116,88,28,60
45,0x5b8f1daad43d779577ac05061a6b1546a29b47d1,58,58,116,56,56,0
46,0xb68babf19df3889f5185576f7f657c9272923002,58,57,115,57,56,1
47,0x899cd70ad8f1b9bdfc9a179e7f6dcab6f9caab41,55,55,110,55,55,0
48,0x708c9d44eafac41fa7217bd8390fc2b18613e739,56,54,110,56,54,2
49,0x08519d0393a67c107428170288c0af1d4f62095b,59,51,110,55,47,8
50,0x4dbe965abcb9ebc4c6e9d95aeb631e5b58e70d5b,55,54,109,55,54,1
51,0xef0b56692f78a44cf4034b07f80204757c31bcc9,54,54,108,53,53,0
52,0x6806d532d4bebd51d1a9823f4a86da366cdeb81d,54,54,108,54,54,0
53,0xc46bfd225ad359f78c7fe84d50619977c6b7f318,64,41,105,64,41,23
54,0x244d265562cd38b102276fdb040b824a78620aa2,53,52,105,53,52,1
55,0x497d55d85955b153c74f6c6740b29dffc0286747,52,52,104,51,51,0
56,0x5fa53c4f055bd1ba0380b45fc85e39d79b2975ba,51,51,102,51,51,0
57,0x3e8a1026bbca3777b3e59fc4646a812480c5d1b9,50,50,100,50,50,0
58,0x4a60a51b200cfc0224645c515530dcb3effcb370,50,50,100,50,50,0
59,0x012b38ccb3ae97a32cd24088bf9426d4ee5442d3,49,49,98,49,49,0
60,0x1711bc52bf7e0494325799717fe640f1924617b7,48,48,96,48,48,0
61,0x13fb8e9df53dde6fb1a4018b3bd76e7f170933c3,47,47,94,47,47,0
62,0x9a667b44133fc912cdcb22f349c2be64c0f3dc60,47,47,94,47,47,0
63,0xaa99ff74db86e286d59ff65b64394be605771b7c,47,47,94,46,46,0
64,0xa07c565326376055dcfa206ef5b84ae471fb735b,46,44,90,43,43,2
65,0x3b84da615a62c230bc322ee74f8631ecdd150c2a,45,45,90,41,41,0
66,0xf8c9be2ce5a48014d4686a0871361ddb5e08fc86,44,44,88,43,43,0
67,0x64ba57bf7977dc2c60a5c9935e01e2bc6cf638ca,45,43,88,44,42,2
68,0x94e0806e154fb7a2e7839c63693ecba45a2a8474,44,44,88,44,44,0
69,0x2593ea3d5cf8af946993ce5c9d89029f596ac186,42,41,83,41,41,1
70,0xbcca383e7be60f9300469e32ec1d1b5af73bfa0e,44,39,83,44,39,5
71,0xbbe028771d7d3f9198824659dc18ac438eff1a9f,43,40,83,43,40,3
72,0xb610bcc876650528c83f931727d625dc91905fbd,41,41,82,41,41,0
73,0x486df54de19dca684656d55b8202c68b8abb2ebc,42,40,82,40,38,2
74,0xc4ba8f21c0dd755cfeff899c4f791c634ca5c6db,44,36,80,44,36,8
75,0x3f0fb61b79ceea17dcf7a7f38446485c2fc10ed1,40,40,80,40,40,0
76,0xb203516e1635f6a0cea73420af6357a95a4923c9,62,18,80,61,17,44
77,0x2a2b31ed1fc4b330bc8ef71c68e1b7013d4a23ee,42,38,80,42,38,4
78,0x4e6de45f059faf424faba2a25f266f8863cfab5a,41,38,79,41,38,3
79,0xde02fffb824720e25674a604baf2277f21c66a0f,39,39,78,36,36,0
80,0x1d6221b70e09af34b2fcf873db50c484fa912a28,39,39,78,39,39,0
81,0xe11925dddded86a78552ddf7100b451cf22743b4,39,38,77,31,31,1
82,0xe8404b4ac20c808789662bc38ed9b0387cd0c8d4,43,34,77,43,34,9
83,0xad63e4d4be2229b080d20311c1402a2e45cf7e75,38,37,75,36,36,1
84,0xc28d30dd716a40b0c19215b732ce7be0e80a5098,38,37,75,37,36,1
85,0xbfbf0df4f7da7429d523fb7b6ecbdc8b817b9b54,53,22,75,53,22,31
86,0x81e697f4b046f20277e8f433e2451fc682c5a809,37,37,74,37,37,0
87,0x93a692fe5477902c3cf5f6997c1cf59a3712ced4,36,36,72,35,35,0
88,0xfe8312a959e031c7d4cbe3f9cdd3ec8726d0d80e,36,36,72,35,35,0
89,0x3d97ad12d40ea711d88b53680b3ae19aa5ec870d,44,27,71,44,27,17
90,0xaeb27a64cdee1aa56d49e45f26a3a8b736b97899,35,35,70,33,33,0
91,0x7912b5866df9de1bc8d8c2447498ac8366a7e8ee,35,35,70,35,35,0
92,0xd5e0cafae7917d6f6550debd76c21b4d7c7ade3b,35,35,70,35,35,0
93,0x7a6b049d83554da1175d65be3f6264a74a05ae17,35,35,70,31,31,0
94,0x6cb1697fe884570681eda5e4bc73b6cbdea1c61c,36,34,70,36,34,2
95,0x617c582878bda02d73b803050d9777c01b6452ae,34,34,68,34,34,0
96,0xf425710ffdbcbff78fe1da6bec448475f4568566,35,33,68,32,30,2
97,0x491064fe955237b6f21545e89e2fb54e97ec2bba,34,34,68,34,34,0
98,0x5e05a68e939e4e9dfa93eb400e9f85e59916ed8b,67,0,67,67,0,67
99,0x9f75c7c19ffeb95b47e62b2c37ffae12de759485,34,33,67,33,32,1
100,0x4f59ce7bb4777b536f09116b66c95a5d1ea8a8e6,33,33,66,33,33,0
101,0x560a2edd994f2ba4883cdf8e0d164558d8c803ac,33,33,66,33,33,0
102,0xcf86b3a45654fd54810ea19ea31b9cf104da349e,33,33,66,33,33,0
103,0x2332432309fc5496a2602e0d848d207a8d93ed50,35,31,66,35,31,4
104,0xf31f233d54e7c7070f88c9bf3fa721e0abf3e50d,33,33,66,33,33,0
105,0x5c82185a70b321e54e2938f3a2abef2639e0e646,44,22,66,44,22,22
106,0xfa731efe4096c4da54da115fb9f50e2e3748c7e8,34,32,66,34,32,2
107,0x08d92949e010a06f528a55a32b3ebd9d910ee0cb,42,23,65,42,23,19
108,0x877e26dee84162f7f078be2b9bac46234c68dd1c,33,32,65,30,29,1
109,0x6d02ce0cd50bff383035e1de5c8b2235fb22e4e8,32,32,64,31,31,0
110,0xc0fffee2d6b8067ea5d1d7a213bf6af835af2c84,32,32,64,32,32,0
111,0x9ac49d2ff6d3cafb8811d3de84cfe065b55cdfff,32,31,63,32,31,1
112,0xa89c876be69223295a0925d7a62cb6868dec4ac8,32,31,63,32,31,1
113,0x70cc3e1a38e5756cd6f5ae1107ff5012701ebd97,31,31,62,31,31,0
114,0xbea8017ccf98017c698a10065d01fdc480930366,31,31,62,31,31,0
115,0x88011e1e335e4dde0eb0dc37d23c57bdd00c543e,31,31,62,30,30,0
116,0x67d21ebd269d61ef8cd9f0f3698869b3d818a4b5,31,30,61,31,30,1
117,0x5802e0c5e3a0d87f9de0be710add41c54b4f1eb4,32,29,61,32,29,3
118,0xa81b68a8c2975ff94d8651fa90d6688b4d1501e6,31,30,61,30,29,1
119,0x1a32b5993f42e3df3e37cbce3cf270d44a91a960,30,30,60,30,30,0
120,0x66c7fc6703c218b2485a67a91bb9b474e14b5d22,30,30,60,30,30,0
121,0xa17138c0675173b8ea506fb1b96fa754bc316cc2,30,30,60,30,30,0
122,0xeedb1b02d308bf3644f9f4caf88aa15eefed01e8,30,30,60,27,27,0
123,0x1f12f614e39f93b451903de3ebafe70a3a1891fa,30,29,59,30,29,1
124,0xde2594f3f6490e6ca0c5a6062e4a365fc7afa3eb,29,29,58,29,29,0
125,0x983cce9addf988e4cccd948804bec67904799fe5,29,29,58,29,29,0
126,0x39b557a249706cac1dffe157ce5d25ff1791b56f,29,29,58,29,29,0
127,0x5459230652f4f145b549485446d2665a841934d4,29,29,58,28,28,0
128,0xa64b6b692049f3cd7c46f6380643c7a02a0d4daf,29,29,58,29,29,0
129,0xe69dab397b59f52dc8b65c01533a17538a07e2dd,29,28,57,23,23,1
130,0x64454fb0cd4861e55da09e032424841927740ee5,28,28,56,18,18,0
131,0x0595cc0e36af4d2e11b23cb446ed02eaea7f87fd,30,26,56,30,26,4
132,0x99dc51c56c2545cfa5d3052ff945d8dffea82f02,32,24,56,32,24,8
133,0xb3771717823b9e4b7f775aa6d656b5f5936cc7e9,28,28,56,28,28,0
134,0xbb6712a513c2d7f3e17a40d095a773c5d98574b2,28,27,55,28,27,1
135,0x7e4d576d3812bc38afcb098259817cc970a227c0,27,27,54,27,27,0
136,0x1701f10ea16e95648e3450488e1e2da9102774e5,43,11,54,43,11,32
137,0x96444a022d301a25d9201afb99f70dcd0a2c8192,27,27,54,27,27,0
138,0x88a2a83560e9aea82413ad4101a230602ae4778f,27,27,54,26,26,0
139,0xf2dc3979185d57fab59d8e82bdcbb4168d77f36f,31,23,54,31,23,8
140,0x6b08770fc5804862217ffccd03a468a83965914e,49,4,53,49,4,45
141,0x5de9a5e7faca98035a4badff53a63bc48731ebbd,26,26,52,24,24,0
142,0x593e470515323677dae35f2713aef5afffe2295d,26,26,52,26,26,0
143,0x3e9406eb7b05f47b13cfa3ad9e6d0e7fa60e16dc,26,26,52,26,26,0
144,0x4ca8ad618eeadebc07fdc4da8ae0c84d88ec3deb,26,26,52,26,26,0
145,0xa996d391f64158fb17fb71d6a4fad67df7410895,30,22,52,30,22,8
146,0xfe0878b60755dc73278f95f2785c7d4dca805a06,25,25,50,25,25,0
147,0xbc02d04a1665486bc6e58eca5f63b387d07109a3,26,24,50,26,24,2
148,0x2eaceaf721fd3df4d36d0d59c7922528f96fcf3d,25,25,50,20,20,0
149,0xe5a7a206e9a8769f90ca792ebb68e9268231f717,25,25,50,25,25,0
150,0x368ac0e139139d7376a2d6cce827d473693371a3,25,25,50,25,25,0
151,0x4268be2886a1c9a4aaac101a95a6cdb86f48463d,25,25,50,25,25,0
152,0x11ac7890d565b6a210752b6304a57d12ee5635eb,25,25,50,25,25,0
153,0xcedbf8fc26fb6aacd5e7504a072df8d7aeff0f61,25,25,50,25,25,0
154,0x693e1aea486c80d34124c6dc3edddd325a41abe9,25,25,50,25,25,0
155,0x1f5bbef0722b6188b87b29dff530d6cfb5a46967,33,16,49,33,16,17
156,0xfb2292dbc5cd18446e58a3a15bfd52ea585a23e6,24,24,48,24,24,0
157,0xd1282134a3481cb548504073ea31e602228f15b1,33,15,48,33,15,18
158,0x4b6da363479ee352f7e5814737417118a69adb43,24,24,48,24,24,0
159,0x3a01a1bb443d13492f1c5cb9f25e3058fd9b67c4,24,24,48,23,23,0
160,0xb855c4ebb5b6eb3f2033aecc4e543e27bc39465d,24,24,48,24,24,0
161,0x05703e9290d657d262e500be71779eb6b452b93e,24,24,48,24,24,0
162,0x9cf5dec27768855d478152128851ebde74f6a3ed,26,22,48,20,17,4
163,0x0f6e4145e878ae9047d55c5f24c7337d27a9bc89,23,23,46,23,23,0
164,0xbaaba861464f25f52c2ee10cc3ac024f4f77812a,23,23,46,23,23,0
165,0x715af6b6c6e3aefb97f1f6811ce52db563b38896,23,23,46,22,22,0
166,0x9919eacb27ebab49f824ece3d9733010cf707807,23,23,46,23,23,0
167,0x53b63171833cd77425ba9f3300ae0113ce64985d,23,23,46,23,23,0
168,0x3075b28dd7a025901c7a099c87c7c9e4062956c0,23,23,46,23,23,0
169,0x92a89a5a8ffd673c491c3d8b167a1715e7a2e5f1,23,23,46,23,23,0
170,0x2845633f9cd219b43be29cae1ad4b776865e51d0,23,23,46,23,23,0
171,0xb84f8b0ab8b322045bb311689f3533ed99f4f246,37,9,46,36,9,28
172,0xd3480dba9a6e999c3b404d5858e76ed44eb31d4c,24,22,46,24,22,2
173,0x4dff46c516cf287e9bed9b85d70c537b792f4f74,23,23,46,23,23,0
174,0xa33b3ca53c9d60a5d4d195e22fefa73f88ba81be,23,23,46,23,23,0
175,0xed47a1ad6d88cac2bba469df1ea149034cba63b6,38,7,45,38,7,31
176,0x874df3dda021045f17542593e161c2c7366ae266,24,21,45,24,21,3
177,0xa9d1f0b36e98e7dc14afa10c35b20296bc71e242,28,16,44,28,16,12
178,0x99dc81489b75268baad66e2eb2301371d1ce235a,22,22,44,22,22,0
179,0x3e18e3987b3b73f4e7cb80e2b25776df7a30bb8b,22,22,44,21,21,0
180,0xaeb66f400f288521ad03087815bdba4c74bb9eef,22,22,44,22,22,0
181,0xe116d5f4ccd817e93a4827b4b1166fb3fa61bec5,22,22,44,22,22,0
182,0x93b9f1059c2a2ac43de31788150041c8bf7b6ee1,22,22,44,22,22,0
183,0xd42d272b1523afd7448086275aa29de130d3acdf,22,22,44,22,22,0
184,0x0570ab4734e8ba6589295761089bb788ca172fd0,22,22,44,22,22,0
185,0xe4bb5b561d23313c89f53d80f049545f1afd2caf,22,22,44,22,22,0
186,0x4fb1136a1122b2312089b0a7ba2111866a6f7b59,22,22,44,22,22,0
187,0xebda75c5e193bbb82377b77e3c62c0b323240307,22,21,43,22,21,1
188,0x4d1572ea399cfcb0a4b25b364df2c5ba68697e18,22,21,43,22,21,1
189,0x16da1d853788c84749baf17bd90610e9ea91dda3,22,21,43,22,21,1
190,0x4aa439725d893716ffff504696413ddd26228b68,22,21,43,21,20,1
191,0xf87acaa7c2446ff1bd45827f55f7f75104ab8614,22,21,43,22,21,1
192,0xea4e40f8d11ffe1ee6368ca193e508578ac7e56b,21,21,42,21,21,0
193,0x53e740a8c722fc38b8b4370f2b5f66f9cb3196a9,21,21,42,21,21,0
194,0xead28e25ad83ee78f12e4188ae7f8743aa761f7c,21,21,42,21,21,0
195,0x9331d19b3fde177a9227bd8e0f4e72d9e39d880d,21,21,42,21,21,0
196,0x3b12bfc36931155a8dc26c6636d0c888e9a3f55c,38,4,42,38,4,34
197,0x0e03ec016f31a1ca056cb94ac16bf87383f05b73,21,21,42,18,18,0
198,0x564bca365d62bcc22db53d032f8dbd35439c9206,21,21,42,21,21,0
199,0xc174e63eeebe94e27266926a34accff7b84c6bb7,32,10,42,32,10,22
200,0x2cb39957f1c3bc0fde98f509c0ad82b37bb7827f,21,21,42,21,21,0
201,0x77777e7a8f844b73f6269bbda7f440af16038d90,21,21,42,11,11,0
202,0x5bc13f4b9987ccdf0bd191b02bb1c6eaa7483aca,21,21,42,21,21,0
203,0xab962065e0b71ea2190329bb244ad79753ae268a,22,20,42,22,20,2
204,0xba0cdafe3a4b78da70e43815a1e996fbe097f533,21,20,41,21,20,1
205,0x9d9ade3881f4db9bc13298d2664b0ebe53e28c19,21,20,41,21,20,1
206,0x63605e53d422c4f1ac0e01390ac59aaf84c44a51,20,20,40,20,20,0
207,0xd2adee3cce690a7af928210342b86a965548f526,20,20,40,20,20,0
208,0x2e6b28fda29e5328acd9cadaf6b5900daf5cb576,40,0,40,40,0,40
209,0x3d39b9c442db22df8b5898a14d301b5862e38008,20,20,40,20,20,0
210,0x899ee6f1dc896c695918b6fc169ec43b84a3e74d,20,20,40,19,19,0
211,0xa73f741a7e68d53bbeef83187ac08465fc9a4336,20,20,40,20,20,0
212,0x8a7b802bbf5bb75dd1d491251a01eae2646a5ad2,20,20,40,20,20,0
213,0xd1116bf082416d2ea6364f18566ddaefed3e9717,20,20,40,20,20,0
214,0xe8660bb4e9769ccd35123b781c9b36b46f310afe,20,19,39,20,19,1
215,0xef4aa2606c138d98743ffb46959583d92ca1e6a0,22,16,38,22,16,6
216,0x3a1ca7d233b732d50f9da07dd240573c89b7e07c,19,19,38,19,19,0
217,0x3ea64fe7b3329a920a29cc23ce7bdab804ce5216,19,19,38,19,19,0
218,0x94b8d81254db1eaa9be28a8ba7a1236dda618c35,19,19,38,19,19,0
219,0x7a3f86fef2bd91c38e5e8544816b21c074fa9156,19,19,38,19,19,0
220,0x0c10f07c431a17895fbf2af0c6080a2b66cd5099,19,19,38,19,19,0
221,0x445816ca9bb0146940b802d49ce146787c73b5ca,19,19,38,19,19,0
222,0x77bac8bc894ca3afee59ab1766812ab78bcdb64b,38,0,38,38,0,38
223,0x67a91d0e355545e4342a6c233f47712218ea7fec,19,19,38,19,19,0
224,0x115d55fe3f068e05f57d247389c5b93534d685ca,19,19,38,19,19,0
225,0x1cc3195c46c2f6af665ae281ad861eab88ed8fb5,19,19,38,19,19,0
226,0x55142721c40fb224aaad95f8fdcbf92d2baca5eb,19,19,38,19,19,0
227,0x043c91573014f46f58f73ddfab865a2536532e81,19,19,38,19,19,0
228,0x8035380a8489ee0d3f151466a93d8d38d844355d,19,19,38,19,19,0
229,0xc318918be0bda998f0592263710f10173ea39859,19,18,37,19,18,1
230,0x82ee15e7c0c923e512eb0c554a50e08254ebd660,21,16,37,21,16,5
231,0x9893e05c2a7a9ba3261c58710d297054d756007b,18,18,36,18,18,0
232,0x7bcba9296df0a11afac47881e9c08b40371ba008,23,13,36,23,13,10
233,0x6fef083cd07c02e5d0c6f0c28695b2a8a8e85a03,22,14,36,22,14,8
234,0x7105ba303ce8642986df5abd3889634a735ac316,18,18,36,18,18,0
235,0xd2e46bcd3c16065fa6d3c291a23635f7322fe1be,18,18,36,18,18,0
236,0xa6d4e19f1bf06434144fee29e6b89749be4070ef,18,18,36,18,18,0
237,0xaddd5a1d51bff4d67e67ae23fad94b6b287de78c,19,17,36,19,17,2
238,0x4a37eb664e0887884940762f2c3ad389eed9d169,18,18,36,17,17,0
239,0x7538eb6b4846f7a694ebe53429dd305ac10c2b4a,18,18,36,18,18,0
240,0x95c1504657ab244cf8b728625fd5e57a14a05606,18,18,36,18,18,0
241,0xcab4af915606304fabd7adee53acf501b1fe6372,18,18,36,18,18,0
242,0xdadd6e94b6ab894e536b5eb90a2bb04bbd4e78b8,22,14,36,22,14,8
243,0x06422913cf80d82fd90b3fd3bb9dd6d539f99588,18,18,36,18,18,0
244,0x93ec07ba1648b54787748d6e960a66ee442b8424,18,18,36,18,18,0
245,0xa723bcc05f4e0f739d572e7fdff0b23af977a8f7,18,17,35,16,15,1
246,0x45f037560374a81c1efa077674406e2ac5175fa1,18,17,35,18,17,1
247,0x6405518ffd2d9cb0353f66060a0f51e50af8069c,17,17,34,17,17,0
248,0xe7cafd2364754316b27dd54e66f1d6217843f100,17,17,34,17,17,0
249,0x710154a8503428d53710a620b8a1c970beddb8ca,17,17,34,17,17,0
250,0x3b76fa771e24f42cdd8306cb34af02d7ddea8be9,17,17,34,17,17,0
251,0x3d010781df9efe1b2ec90adbd7189f4b640de626,17,17,34,16,16,0
252,0x576201f59769504d3b4b8267b918205bc02ef7bf,17,17,34,17,17,0
253,0x35869a674086d32251aa1836ee38faa663917c67,17,17,34,17,17,0
254,0x6c2451ca1e28e0b6289521720fb41c84abb8b1dc,17,17,34,17,17,0
255,0x096e182e1e574a63324eac77a12ba0ae6f4a5e1a,30,4,34,29,4,26
256,0x8b5e704811ea1a01ec9933fe45ff823332808ccd,17,17,34,13,13,0
257,0x1259a5c3d6a30a18ee1e04daa2c6e43d4c442632,17,17,34,15,15,0
258,0x47d4da26ecb6bfa2d76b2b92794ffb67fb6f9165,17,17,34,17,17,0
259,0xe6787a6ea1c9faa825c26640cca4b43c3d8b8d95,16,16,32,16,16,0
260,0x76500b6a6c640ae7b695ef049f20d24a2ca476df,16,16,32,16,16,0
261,0x02a6a7ae12d0f3a6aa261268ce2f2cbccf49b8af,16,16,32,15,15,0
262,0xcfd469fae83098f72ed8464cc36a006a2170698f,18,14,32,18,14,4
263,0x8763739a69137235068f53bfe9b0bedbb03562c2,16,16,32,16,16,0
264,0x0e78d00950377ab5a877190506e3c06a3f62679a,16,16,32,15,15,0
265,0x4cec924686aa44056eb36064abe887d6af0d7cff,16,16,32,16,16,0
266,0xb73f8abc0371b1ab67f9daaedb7ecbc1b1dd7e79,16,16,32,16,16,0
267,0x795f50722cf5ad82f78dda8dc8f7b235332977c3,16,16,32,16,16,0
268,0x38f502d5194da3b4c0f5c887596cb9af6b5c6b0c,16,16,32,16,16,0
269,0xe90da7ea578fef3365631aaf7b9d5094152bfae9,16,16,32,16,16,0
270,0x16be2582ad35aa56a8a247c61ab0cb7b9ac8fe19,16,16,32,15,15,0
271,0x6e76b87237d4806fd53121e99f00bfce543dfee4,16,16,32,16,16,0
272,0x62c5a7a1030e703565b2d2b719b7a0e63bcdbefa,16,16,32,16,16,0
273,0x1c71a359a5a53cf3cc987cca4cc00a1690c939b9,16,16,32,14,14,0
274,0xbb515fe25936ad3ac07a8025c128afdd0d2e38be,16,16,32,16,16,0
275,0x2f5bf48294a40657c3e0b61527141ccbb0db5f98,16,16,32,16,16,0
276,0x21688d7c443844ebf63427c4e2abfaaabc50a405,16,16,32,16,16,0
277,0xa4e71328151667414485bf1d9b26e3ceb429edb8,16,16,32,16,16,0
278,0xaeead003ac29326a98a09fa5903a23396dd7dfc8,16,16,32,16,16,0
279,0xcdd4379ab6e38301288fee3ab23e48138a0ddb16,16,16,32,16,16,0
280,0xbca09f051914849670101eddc94e03b323a9fef6,16,16,32,16,16,0
281,0xccacdc149de9fdb9b289afbe8b7598f43d59d7a8,16,16,32,16,16,0
282,0x09f348ee653aeba21c55cdce289ae18cd6f4f5f1,17,15,32,17,15,2
283,0x21938a693771d5dbe7fce8d1ed6fe6a6efaf6435,31,0,31,31,0,31
284,0xf97664376416e9379f2354db444bfe3f00b6936b,25,6,31,25,6,19
285,0x51b2adf97650a8d732380f2d04f5922d740122e3,15,15,30,15,15,0
286,0x3b253817e9812ce79e7ce86646db8d12fbacbd8f,15,15,30,14,14,0
287,0x147cdd49c6846919107f990d70b75673b747b78f,15,15,30,15,15,0
288,0x4a2c786651229175407d3a2d405d1998bcf40614,30,0,30,30,0,30
289,0x7c2bd7661cc47fe502de0ae1129207c3192e87fc,15,15,30,15,15,0
290,0x8a7dbc2824acac4d272289a33b255c3f1f3cdf32,15,15,30,15,15,0
291,0xd7fc0645da5ae6ae4ce361fd3fc4d67a2a774a78,15,15,30,15,15,0
292,0x259478c08bdf4224a87f9420951d20df731131cf,20,10,30,20,10,10
293,0xc7a669d0de21f1885361e95fde3892534807b927,15,15,30,15,15,0
294,0x0582fc81f21686541623de723448c21e1e443522,15,15,30,15,15,0
295,0x53309c7eabc21ce6cb6822b861ef44c4949fc1cd,15,15,30,15,15,0
296,0x95ff3f04eccfa15a2bd12d6daf3ccfc5ad354510,15,15,30,15,15,0
297,0x65a05d8c6888879adf72c8798b56a0302a0f4a05,15,15,30,15,15,0
298,0x9f31c6bb1885d6ed567f89e0bf13db45c55d869c,15,15,30,15,15,0
299,0x9b296614f16847944510f0e1cb05265040c2be29,15,15,30,15,15,0
300,0x932a824a4d3d0680e0b352de150e6f212b8ac841,17,13,30,17,13,4
301,0xdb739cfbadd0a3422e31aaa34af6fcea13b1d3a7,15,15,30,15,15,0
302,0xdeb08d04004ea00bb6898d19267f7d3399e2827d,15,15,30,15,15,0
303,0xec080dbee8f60c8e6d7c3f52e10832718d2b8d5a,17,12,29,16,12,5
304,0x10585c1e61830349bf1a8a0a75945f627f9d03e2,16,13,29,15,12,3
305,0x5fec2698ccfbed306471c41baee4d1b913f377cb,17,12,29,17,12,5
306,0x8bc068613314eeb17fdc528d2f1227a3bb0e1df4,15,14,29,14,13,1
307,0x84a9165bbc73baaf09017a9f132630ced8723485,15,14,29,15,14,1
308,0x5aaaef91f93be4de932b8e7324abbf9f26daa706,16,13,29,16,13,3
309,0x94b6a0ee9762514b41bc95326759f78bc8194fd8,15,14,29,15,14,1
310,0x12c1c7e9892ef6e2e1dba4c3851dbeb8cf016638,29,0,29,29,0,29
311,0xdfc772212ed7acb353842936cb2ab7a48aad8a8a,15,14,29,15,14,1
312,0xd54d23200e2bf7cb7a7d6792a55da1377a697799,14,14,28,14,14,0
313,0xe1b1567a02daa679b0706f33521dcc119be269d0,14,14,28,14,14,0
314,0xbc7ad47665bf262dd2938eb41ab28051407bac4f,14,14,28,14,14,0
315,0xf9233cad29bbc39158c00872ef5830bb8e9da853,14,14,28,14,14,0
316,0xba1ba61ff159422bcb07f78017186624e94e6936,14,14,28,13,13,0
317,0xf7b3e7e00f7b6d0e259ffb82f2d5a130dfd021f1,14,14,28,14,14,0
318,0x6c9daebc327eeea312651b7e960f67844b502aa4,14,14,28,14,14,0
319,0xfd1857ebe281afcfb611de8a5fd7067add98ca9b,14,14,28,14,14,0
320,0xb429279d1e233163afbe85ecf0e3c48522eccb06,14,14,28,14,14,0
321,0xbad2e065edc215cb54a0e78391fb2abcb173f77d,14,14,28,14,14,0
322,0x45ddb9963ca4df1cceb612a59cb916c8bde48929,14,14,28,14,14,0
323,0x3a4364b7f20ea1a9817286123a6ffce37f096b58,14,14,28,14,14,0
324,0xdacae910e48a3cf43476d3de8eb6eeb0bf195c87,14,14,28,14,14,0
325,0x548efce69bb82a16f3911a86a65384327c99c3ab,14,14,28,14,14,0
326,0x9f68273597bf21f3106972547af2f0b6b57542a7,14,14,28,14,14,0
327,0x291fca3c66ef7a227aafeeab3a8f46014952c13b,14,14,28,14,14,0
328,0xcb1ce445d01d0bcd07236a77c895e09c3abe3b34,22,6,28,22,6,16
329,0x04028198e451f64212c33ca22cb3b1fba6272459,14,14,28,14,14,0
330,0x1d52a12543a3998f1f694c693b0d379a2fc34eeb,14,14,28,14,14,0
331,0x30df16cd7d612c5b25beb0331486b127a42ac371,14,14,28,14,14,0
332,0xf20123041e29c3371eeb5a720c3664c31f5db8af,26,2,28,26,2,24
333,0x856750961732cbead1e289e04c57027bb368fcc0,14,14,28,14,14,0
334,0xe1412eb3a56502c5322eddf4fd6b63097fe9f08e,14,13,27,13,12,1
335,0xa8a9e2c366c56ce3968bbac981d1a063e58dfa85,14,13,27,14,13,1
336,0x38c614caa1e0757e9d71aa95a126c8579be8ea49,13,13,26,13,13,0
337,0xaede1f30b4a094da197538f61a45fdfeac17553b,17,9,26,17,9,8
338,0x5d2b843a7ec8b6338466cd4e9ce673f380c50417,13,13,26,13,13,0
339,0x2bdf1a698d39a4358e2c162deacc038fadb8a9d5,13,13,26,13,13,0
340,0xcd7a0680c14b13618bf119ff899ed10ca4dbcccc,13,13,26,13,13,0
341,0x0a862efcbfcb4f63ee339950bd2414062107e079,13,13,26,12,12,0
342,0xf340c9c43bbc8127dad9eb704530d0e2f870db69,13,13,26,13,13,0
343,0xf2dc889af25be2dd498ce0fef3e1e1d601b74a64,13,13,26,13,13,0
344,0x1680496ed8aa4b149a74525a704ef192a2d8a159,13,13,26,13,13,0
345,0x8dfa5ece3aaa642ae4f70381ba74479371577d64,13,13,26,13,13,0
346,0xb5e34552f32ba9226c987769bf6555a538510ba8,13,13,26,13,13,0
347,0x47b20272ebee4233aad387dd88aa80ddaf55032b,13,13,26,13,13,0
348,0x949710d6ff4d3d8030694b5582126bad57250066,16,10,26,16,10,6
349,0x5348995a0b7f217a209b96c280d048b41d24355b,13,13,26,13,13,0
350,0x4506a7820c4ce2cc7044e7251d865c9e91067f5c,13,13,26,12,12,0
351,0xa56f136730e3112543a045c178b4f6fb2932cc40,13,13,26,13,13,0
352,0xe7493c3fddd57e85ef36043ac02b44b35be22010,13,13,26,13,13,0
353,0x9e4ec32d0cb9663faee42724a5d194d1d7317fb9,13,13,26,13,13,0
354,0x01c12063b7b5b783a989a60af9f9f06534307a2d,17,9,26,17,9,8
355,0xdc3bfa420089593e366f6fb4ecfde6c8753b834c,13,13,26,13,13,0
356,0x54cd47c2f0fb09c468e15344fd68c54272d57246,13,13,26,13,13,0
357,0x428b0714aecc9c5e9c09d47e54bb04910486f22f,13,13,26,9,9,0
358,0xe317c793ebc9d4a3732ca66e5a8fc4ffc213b989,14,12,26,14,12,2
359,0x7e5ccbf79f81baf0430a9ed8208580c7157f143c,13,13,26,13,13,0
360,0xed53fb8fde21e099dd8c5fee4568cf2fb92fde6f,13,12,25,13,12,1
361,0x7a403e1a481235b10f92d950809baa8b705d7be0,14,11,25,14,11,3
362,0x9e0e08194a582ac0defe387a36f8c9fc55e4c443,13,12,25,13,12,1
363,0x29e3ddf94d76c97fcd43d07fc8b15a03ad233a40,13,12,25,13,12,1
364,0x30da14e3f22b95fb926754e0d308714005ff1825,14,11,25,14,11,3
365,0x2ae0c7bda14523fc6cc58d10150779517108f731,13,12,25,13,12,1
366,0x3991b2303bf6e77919018ffec0526712e7f7b3ce,15,10,25,15,10,5
367,0xd1a8dfbd03e944080f7f136d966fb62226b603f7,12,12,24,12,12,0
368,0xbb1f834ba7c03e1d48e12b4a05916b8fb1983f20,15,9,24,15,9,6
369,0x7eff4b1f4e492694a07c44e6a3f80b60b9b80f19,12,12,24,12,12,0
370,0x85f9758c1092e317202f43af15c1a771218a29e4,12,12,24,12,12,0
371,0x91fa982255f24f7cb841c6218a08177241777ade,12,12,24,12,12,0
372,0xc0cd81fd027282a1113a1c24d6e38a7ced2a1537,12,12,24,12,12,0
373,0x82e8460633241331c64d447d33c750c534841775,12,12,24,12,12,0
374,0x6ae7cfbec84d2687abe0dad44602bc1f2f61b83a,12,12,24,12,12,0
375,0x3119a5bf3ce136b2ea82969a26e5f570c0319209,12,12,24,12,12,0
376,0xb9eb79e3e735ee636255dd8d65872a1287744e33,12,12,24,12,12,0
377,0x0e20de7b8a72f6aff5823de0e695c38186d7c701,12,12,24,12,12,0
378,0xaadf7e0654551fdbbf7a64c28b49aefb15bfec30,12,12,24,12,12,0
379,0xa53a6fe2d8ad977ad926c485343ba39f32d3a3f6,12,12,24,12,12,0
380,0x713256418b31dbc8c4da8dc863a345e5f5f6ad3d,12,12,24,12,12,0
381,0xed7b41ed2a2439ac71314767c5309f09b533de99,12,12,24,12,12,0
382,0xda714bfafbc2b139bf6e91d9809fac5a104a9798,12,12,24,10,10,0
383,0x1595fef58921bc13e379fd8f27e5cd7eb7e4c04a,12,12,24,12,12,0
384,0xc70b0b44e47e8604b4234f2d2d8e79540b0cf64b,12,12,24,12,12,0
385,0x80ca7506d17f140f8a510f4554a96abcccdf0a19,12,12,24,12,12,0
386,0xf8915e2e655d594f87f1bf61c78b10692a3da4c2,12,12,24,12,12,0
387,0x3055d970653a2d1785a989d2699ea50c0c96f159,12,12,24,12,12,0
388,0x411175b4f145170ff539ae4d7c6a8ff9e85f1c66,12,12,24,12,12,0
389,0x74f3386cd4b03c27c3ab5360f8296764717a0132,12,12,24,12,12,0
390,0x942840c3ccde32dca3028ea7f0b921617f5b0cac,12,12,24,12,12,0
391,0x2646368f79e213fa44e3904706272fe1dc8ec1e5,12,12,24,12,12,0
392,0x468d1ef7a1204d592537dab35794aac640c97505,12,12,24,12,12,0
393,0xd1afbe4da2a5adc6faf30fcbea9e4eea0ba8c70a,12,12,24,12,12,0
394,0xe4f44bc4520d3161bef03f62967bc361082b3ae0,12,12,24,12,12,0
395,0x1063da52963e51e5121ae7710d85fac52e75d4d7,12,12,24,12,12,0
396,0xa5bd4fa2db60afdf5cf57c6c2ea40beef982caae,12,12,24,12,12,0
397,0xf229617126be90b7ab4ae9fe5967c54ed7111144,12,12,24,12,12,0
398,0x0cac9c3d7196f5bbd76fadcd771fb69b772c0f9d,12,12,24,12,12,0
399,0xe524f93e5dab234dfa56ef67f846119400df8cee,12,11,23,12,11,1
400,0x07b3182ca08ee999c6cef2238e750ad6d7ff7bef,12,11,23,12,11,1
401,0x0305c9ffddee4de26c53c49afde4480bc24d8aca,16,7,23,14,6,9
402,0xf561f98c2a149a5d8fe1dc2a6c79dd0a58782bc2,19,4,23,19,4,15
403,0xa0bf5b240634918c70d4ec9384dbd0111ef40b42,23,0,23,23,0,23
404,0x30967a7eac407221b57736f5258d7874853eda65,14,9,23,14,9,5
405,0x373d0b1ea96745c2706f73731a2a0d0c6892b5b5,11,11,22,11,11,0
406,0x92966e275864606cb14dc074733748b088881ce4,11,11,22,11,11,0
407,0x99a9fefa7a88347df455b389b7bf07c83b5a66eb,11,11,22,11,11,0
408,0x8989a26d82c14fc96e8c2abf3e8d60fc3c3f5eb3,11,11,22,11,11,0
409,0x78e1155e432bc948f149d5de6789d0a056c31d96,11,11,22,11,11,0
410,0xffd763f0cc724a31e655fe9b17eec5846ced50f1,11,11,22,11,11,0
411,0xb7707b8e88241e77064725099113896bed5c3ed0,12,10,22,12,10,2
412,0xc2a8467394de4bf13e13df1b431ed7c6637a7ab9,11,11,22,11,11,0
413,0xf968a5de2019de1f0a8f53758dd137ae5c9efbc9,11,11,22,6,6,0
414,0xe27953e859203598387968f04f55fd130a234c67,11,11,22,11,11,0
415,0x37dd733885b76beb617abf2c790c1a75eab6f82a,11,11,22,11,11,0
416,0x0e71c843ce2c374e3b7bec768fd3abc8b7465b56,11,11,22,11,11,0
417,0x74e06afdda6002abe61031c7812d9e05347ec76d,11,11,22,11,11,0
418,0xfa4dfbe7b012b1d92fdd5544f30518bb58bd41ce,11,11,22,11,11,0
419,0xc1d4bfd94909b589bee19062e375d17bbd5e6799,11,11,22,11,11,0
420,0xc3cecaebea0ec24705094b3b19e3f6c7c73621f1,11,11,22,11,11,0
421,0x51635999dfa5b6ae3a6cdaaacceb23d2530cad6f,11,11,22,11,11,0
422,0x1df6e2636e29f50e29f4fb1ff7a9b1899108b0c5,11,11,22,11,11,0
423,0xd68f38993965c59959647790d3771edda7ede0b8,11,11,22,11,11,0
424,0x9a44f04d352272733afa5850f5495b56882baa1f,13,9,22,13,9,4
425,0xbefc26b9751aec727c8fc24a7884d9fb7caad928,11,11,22,11,11,0
426,0x0b66fbc6aa8560e60e6658bae4c26526dcae0f16,11,11,22,11,11,0
427,0x9ddc50405351de925f8ff8349391ca0276b90528,11,11,22,11,11,0
428,0xc9293889010bd48211c55b8eb7c503003a9dc2a5,11,11,22,11,11,0
429,0xc58472f7a2c99ee540bbb0960ebc19dc71c872c1,11,11,22,11,11,0
430,0x6df382c91387f616168b16b45b55df7fb19f51ca,11,11,22,11,11,0
431,0x445851d90dba5bc935d7420aa2de3be4881314e4,11,11,22,11,11,0
432,0xd63f36d925f4fe8cdc260e5a5f0e116e70a5601f,11,11,22,10,10,0
433,0xb012a1ef32663585e064e193fb8eb82125292f8d,11,11,22,11,11,0
434,0xb343ce826d94bb2fb32b913d104d4ccd0c3761c3,11,11,22,8,8,0
435,0x2ee8670d2b936985d5fb1ee968810c155d3bb9ca,11,11,22,11,11,0
436,0x0b54b916e90b8f28ad21da40638e0724132c9c93,11,11,22,11,11,0
437,0x6d5ef1551402be775bab6d6639c00cf5b6badccc,11,11,22,11,11,0
438,0xb12f1f37767d19d63ca5a9889da95cb396c957eb,11,11,22,11,11,0
439,0x67c2952229d829b8bc40ba3c957e943d884fc739,11,11,22,11,11,0
440,0x208280e826d0195abae7177c9408ad795465e364,11,11,22,11,11,0
441,0xbfc5b98320d10a3af1931aa46f658fff44f457c1,11,11,22,11,11,0
442,0x82e1de949df695aaa8053f53008320f8ead52814,11,11,22,11,11,0
443,0xd5112e126c740468335fa405159a173fc62d9279,11,11,22,11,11,0
444,0x20fe4ef4fcb11199bb40ad56410103686b24308f,11,11,22,11,11,0
445,0x2dfb5dc942280be73315cbab54b099c2541a0482,11,11,22,11,11,0
446,0x1342bbc68bf277c41282cf79f49240314d4f22e7,11,11,22,11,11,0
447,0x9d9d6cf4fa053726c0335b614cb3ae04cabadc0e,11,11,22,11,11,0
448,0xbb030a0408edc41f3c61ba3f132c06e93eda68f4,11,11,22,11,11,0
449,0x4b1b4e64f02ac9928b206433ab0a8f15da892659,11,11,22,11,11,0
450,0xc8018f1f750b4591ea16a49c0f5656f2e2393e79,11,11,22,11,11,0
451,0x5378e749d3c7f7507bb6cd40d4b4a4e806e5af35,11,11,22,8,8,0
452,0x74e1c69f28f6394a57b802a64337a363ccb5807c,11,11,22,11,11,0
453,0x05a0f54eed3da6ada514b9a7a5e4a8d3a128d3a0,11,11,22,11,11,0
454,0xc80824e1a48cfac44851048b2de463784b0a42bd,11,11,22,10,10,0
455,0x655e156f0336081e65e87859054dc253ce7b4a4a,11,11,22,11,11,0
456,0xb71b13b85d2c094b0fdec64ab891b5bf5f110a8e,11,11,22,11,11,0
457,0x94db5f225a1f6968cd33c84580c0adae52a04edf,11,11,22,11,11,0
458,0x9db356de148b77b8b8690338858b8f0d2d17b342,11,11,22,11,11,0
459,0xb6321c5e3d0a97b8d4218bc15ec95bd8d1f7d639,11,11,22,11,11,0
460,0xd918252c46bf5d399ce827151b422810388c79ec,11,10,21,11,10,1
461,0x0dbaf988cf8d2b20f711f60a0d7e2b10cc439b0f,11,10,21,11,10,1
462,0x38a03809edbfc4305012a9a1617d79bcc6e2cf7a,11,10,21,11,10,1
463,0xcb945057901fc1c17ecce4a4eec760057c6a28a2,11,10,21,11,10,1
464,0x058a9bbaa8e8e4dbd3defb383aee69d617e83d6a,21,0,21,21,0,21
465,0x810fd1bc4674eb55db40fa63a68b874890c9c6f6,11,10,21,11,10,1
466,0x0033009100ef46b4585949ec68fe7093c7a71ace,11,10,21,11,10,1
467,0xce57461b057ffe346faf9a13597ebd61da705ad4,11,10,21,11,10,1
468,0xa1d03c006d5b25778aeeb6e52c23b3dfbdb545b6,11,10,21,11,10,1
469,0x6fba1aac65478fa7f269c668b82977612ea9cb95,11,10,21,11,10,1
470,0xea73355b39ded90d5bf3e9e09a02d8e0dc9f354a,11,10,21,11,10,1
471,0xf82d46e02dd50c280050d45f22d7e22aceb0f0ae,10,10,20,10,10,0
472,0x21ed7503e135feafb5328320b0eb7144da5d3a60,10,10,20,10,10,0
473,0x5a9ef14b49a991082ac388f071db5a7e9af2d7ea,10,10,20,10,10,0
474,0xc146375b4271b1c6a13eb3d2325fa99a9db89407,17,3,20,17,3,14
475,0xce4b6b9be8ad4726b84b37951a3147c64d20e14d,10,10,20,10,10,0
476,0xc5b527eceb8d9aa8ee80acf3945af638eb058dc0,11,9,20,11,9,2
477,0x55b63a0b5f2ad8c6cf961e0bb360bb59685a0286,10,10,20,10,10,0
478,0x13747adca0ce7e7f6aa661718a07e4c74e62ed19,10,10,20,9,9,0
479,0x19e02b992c0295d27eecff941d5dbfaf85409d86,10,10,20,10,10,0
480,0x7a69c8f19879f0400bc9c542700f0ae5839f574c,10,10,20,10,10,0
481,0xed8f8062d84de83f2b5fe22fdaa2c796e331dd3a,10,10,20,10,10,0
482,0x9f1ea1ea59b8f5216df60b91ca0daaf6970d421a,10,10,20,10,10,0
483,0x31febcd3b2b026c586148b4bceaac1810ede5788,10,10,20,10,10,0
484,0xc32c9d183cf89f4746f000797542f46f6aa8cd1d,10,10,20,10,10,0
485,0xbc4bbd7a2ce9001ca18324602ac66733731656ed,10,10,20,9,9,0
486,0x88f5df25f42932d04af6e9b2d6958acc48436326,10,10,20,10,10,0
487,0x996a8f421435cf1f4e20f593facc87b18f1b95bd,10,10,20,10,10,0
488,0xf72139da1a5b6eb49a45b4392b0256e366c9a830,10,10,20,9,9,0
489,0x06636ffd74a165eb99538d8bde0aa1a407d94afe,20,0,20,20,0,20
490,0x77f6821146cce5993282d940eef472c4b09d7537,10,10,20,10,10,0
491,0xe05b8e8a829e506a10b0170f2da608171f841eb8,10,10,20,10,10,0
492,0x66189384ffa71f40f2ab11388ee125ee6d4ec6d7,10,10,20,10,10,0
493,0x53dda1c53e09b87cc70e8c7d30362b1377aa887d,10,10,20,10,10,0
494,0x8fe18721d85ff2b343013aabd005d5edc294bfaf,10,10,20,10,10,0
495,0xdc2833bdcb68820dd8270714fe3056012f4b40d0,14,6,20,14,6,8
496,0x3c689b2abca1a6e7bc47553788ba7b42ce062262,10,10,20,10,10,0
497,0x0920c2148cacc810fe7b16b04055ca2e31950d11,14,6,20,14,6,8
498,0x5b8149f0c8c3942724f4e404390c14d7277b5214,10,10,20,10,10,0
499,0x9219efbefb2c0a6ecf027e10cee3710dd7399801,10,10,20,10,10,0
500,0x43be1a7b43855ee0f2646a94786a33ed9e86c2e7,10,10,20,10,10,0
501,0xb5d2b5377c4d4d907fba39f7c0d3684d1e6dcdb3,10,10,20,10,10,0
502,0xf4ce3f01788a6066d38145ca5995f68ed9128e61,10,10,20,10,10,0
503,0x726fde01eba8b3896059e86f556bd2685a41efc6,10,10,20,10,10,0
504,0x05bca84ffc1cfb5bf6f9d683f822decf394acbd0,11,9,20,11,9,2
505,0xa3dad1539552e217dac46f66399323d03165d3e3,10,10,20,10,10,0
506,0x51ba20246ab97e5cb84a55cbfa5c8bc2f8c630b6,10,10,20,10,10,0
507,0xbc4e7c5d71e9c4404377b0cf22ec9e5391332d09,17,3,20,17,3,14
508,0x63c8e1155e2be1e10041ff56625805abcf1fbf9b,10,10,20,10,10,0
509,0x379fe8ca429bb4d6b6f0c507d9d7dcd79e342772,10,10,20,10,10,0
510,0xdd84ce1adcb3a4908db61a1dfa3353c3974c5a2b,10,10,20,10,10,0
511,0x54a13c5e1f682ac9f506a5cc9fcae47bcf22d1ea,10,9,19,10,9,1
512,0x6e58309cd851a5b124e3a56768a42d12f3b6d104,10,9,19,10,9,1
513,0x9367c167d5663e28bb60c1eeb93f7aab6ca63aea,11,8,19,11,8,3
514,0x06c232f519c6e52845a8294e48e6a85ed5da0184,11,8,19,11,8,3
515,0xf0cee2ebeb8a52884ff83f6c71d6ed75c22e7f20,10,9,19,10,9,1
516,0x3c10ec87d7fb9f2fb1b03878fe73876bd0abcd2d,10,9,19,10,9,1
517,0x61e484b8ba9105f753fc20206e625c86b9ba6830,10,9,19,10,9,1
518,0x68b6fb06a2910b6450144e594a459ef51cda1dc0,10,9,19,10,9,1
519,0xf6f2a0705b9c272294d95577b5dc6d9e08e7c73a,13,6,19,13,6,7
520,0x4f20cbb1149be8839a3554189098b67c21bcb587,11,8,19,11,8,3
521,0xe703f231ab056ecb99c92a1232cc1020acfc72f8,11,8,19,11,8,3
522,0x5dfa160e0f96ce631d28649d02bb7738d69fe761,10,9,19,10,9,1
523,0xd801f7720e533810855739c4296f341da941cd08,9,9,18,9,9,0
524,0xcc795506ec1e366e5f527dbc8e75e8e257edb693,9,9,18,9,9,0
525,0x96797ad7c6be5f8f1f24b1b4f1949b2445d1e349,9,9,18,9,9,0
526,0x31cc7d6cd8a3c863ef090984d5908e194cf8f372,9,9,18,9,9,0
527,0x9eeb25e6c03220b3d03da2f360d61774ef0772fc,9,9,18,9,9,0
528,0x61afb0589527fa9e50873284cc9edfbd412e5f23,9,9,18,9,9,0
529,0x83e925a267c5dc036e7cbb0332bf066f96a4f248,9,9,18,9,9,0
530,0x8f5df0872f19b6c8c416294c69afa3c4fe0f9654,9,9,18,9,9,0
531,0x97e6db3b3e9ef35e68d9622160ab986c74671679,9,9,18,9,9,0
532,0x917aa1fe4ee8154ce8c4eeb8f4768ba615245799,9,9,18,9,9,0
533,0x9a0abcd57493935a1fd880b157a0f9784471ba89,9,9,18,9,9,0
534,0x842ed411f832a8f9dcfe1c6d520e0f0eb145d96e,9,9,18,9,9,0
535,0x8d90cff4ba575266c82ed4b9bc1b5948c12023bc,9,9,18,9,9,0
536,0xd199d767dde774f091abc756781ccd2cbe5425f1,9,9,18,9,9,0
537,0x5fb8b9512684d451d4e585a1a0aabfb48a253c67,12,6,18,12,6,6
538,0xd8a2d2d5e2deb94c4c473dc327cb48efebc50c46,9,9,18,9,9,0
539,0xc0f65b93f77fa896bc60b4ffafa15c34f4cfd06d,9,9,18,8,8,0
540,0x58001a4b6c5789a5a67225d08c37c534dd012d18,9,9,18,9,9,0
541,0xa309e549a70f2aa1b6a403b5364e00517a645ead,9,9,18,9,9,0
542,0x99bdc5a8b8e948d768a094a2e106de14c085a1b8,9,9,18,9,9,0
543,0x36b5dc2084f22956703f5b9cd32036a9b56bee46,9,9,18,5,5,0
544,0x35aa732aaa23e0de00d203cfaf6ec7fec0382d74,9,9,18,9,9,0
545,0x5289812728c0bc0cffaeace11a253cbd48ff9dc3,9,9,18,9,9,0
546,0x7e8209e6e9cdd672d66dbc544d4955163988457e,9,9,18,9,9,0
547,0x2b2b623d5b40e8d5d0932abf4bb383b2b42f69c5,10,8,18,10,8,2
548,0x7ea1bbb279324ce80df2fe1aab658515c312d4d9,9,9,18,9,9,0
549,0xb332c90b5346228c70941c6762badde857e1ef37,9,9,18,9,9,0
550,0xe49099f6fa154eeadb9eca912c384009e8b79cd3,10,8,18,10,8,2
551,0xa38cb7494574433317b482ba4d91789528719b46,9,9,18,9,9,0
552,0x0efc9a7e891e75e4afcf488a608460c3f63e9dc8,10,8,18,10,8,2
553,0x1c2781c07419ba8cd872c7fb589293d86148db92,9,9,18,9,9,0
554,0x90abcf1598ed3077861bcfb3b11efcd1d7277223,9,9,18,9,9,0
555,0xeb7a12fe169c98748eb20ce8286eaccf4876643b,18,0,18,18,0,18
556,0x9ac099f75e24c063f6206198b23a1828025c3037,9,9,18,9,9,0
557,0x37cb8182178aefdd702aea8274d8583b008e7b1f,9,9,18,9,9,0
558,0x245a4a574604036299e499a7f995b2b132b70edd,9,9,18,5,5,0
559,0xba3269e784c087c2c427c62499b5badca6775dcd,9,9,18,9,9,0
560,0xa3b3acf61034ccd05f204e24e5935cea4d291065,9,9,18,9,9,0
561,0x016ab691721a99da1c1489ca0ac8b549eb0f7713,10,8,18,10,8,2
562,0x98a8b03cee14b8e58e1841e54ae4d0aa457ec687,10,8,18,10,8,2
563,0xebcea89d0e3beb500449f7216bb0f456d1fd93cb,9,9,18,9,9,0
564,0xa299842fd0c72ae699b08d0acce721bb738f1fc0,10,7,17,10,7,3
565,0x27ce72001f38c33160d353c919e78cd61ccbed29,9,8,17,9,8,1
566,0xbc6d6db0422fa9e9769ef4bba44f9b4a0e7e2f4d,9,8,17,9,8,1
567,0x5c13deb7c872a1e9498c8e8f610ec1d0276ed94d,17,0,17,17,0,17
568,0x024cdf195a961906277d468a8f55baf0ce293078,11,6,17,11,6,5
569,0x44edc99222071dcc7f27a232a64f33d07b21cca4,11,6,17,9,6,5
570,0x669dcfd6c2c0b267dda08e9478e3e2c9def8b7f2,9,8,17,9,8,1
571,0x96d5f564d347496f3217c2649599bef3a1ad59bc,8,8,16,8,8,0
572,0x9bbb97e44ae7a462b14ced3623e0a09b6df4da1d,8,8,16,8,8,0
573,0xa26c509269f1369de0c56a07b9bd3e0107de8090,10,6,16,10,6,4
574,0x7322ec21a36a5c413f10f43ecbebb7961f9c9734,8,8,16,8,8,0
575,0xa9cc79c0d38782257e3af2ef08182161693723e1,9,7,16,9,7,2
576,0xdfeddc98ae6edcb5f63178a8589f41b6477f6c42,8,8,16,8,8,0
577,0xd48b73aa10c56ef1d827a1057aca174bf1421475,8,8,16,8,8,0
578,0xbcfd27639e8a3b47118439773ac35de7d6801ac2,15,1,16,15,1,14
579,0x51522327d00c57038b54a7bdcb0350b62529603b,8,8,16,8,8,0
580,0x5ba70e858e5abcc6cd74d2c8a5e8be43c23dcb29,8,8,16,8,8,0
581,0x2d3f495f0e2370a68b60cebb4406cbc0be3d2145,11,5,16,11,5,6
582,0x26d7b4fe67f4601643304b5023b3caf3a72e8504,8,8,16,8,8,0
583,0xf41eaf49685497d422c1be1ba62cd25f52e87547,8,8,16,8,8,0
584,0xd6a6e5bcd43caf9d8702a151f53b1f07aa1765f7,8,8,16,8,8,0
585,0xbd5ce92b7e3f3bb4b016f3e5a2c5ecc52eb8e0b4,8,8,16,8,8,0
586,0x1aa0c6c17953d253e2b076d06ed5c4a61d7a88fc,8,8,16,8,8,0
587,0x002cfce7088b9711d1df63e48ebc99c3c1b03c3d,8,8,16,8,8,0
588,0x3e847015084b182dd47aad0e95e005c51e1fe715,16,0,16,16,0,16
589,0x537038d516e7e71bff78a555799ce0daa01e79a1,8,8,16,8,8,0
590,0xc68324cd902bb6189db135e28c64aa332fb76680,8,8,16,8,8,0
591,0xce46a97f4669cbb4001e424536f1d2f3567f6969,8,8,16,8,8,0
592,0x8efef6b061bda1a1712db316e059cbc8ebdcae4d,8,8,16,8,8,0
593,0x25b6819cea79759f93206b5fb3ce7f62a6823e43,10,6,16,10,6,4
594,0x606b48d6b2f4b168f99e1bd47b382c8e403f15ba,8,8,16,8,8,0
595,0xe0c13b28698397521b5eb7e93c9695bee72b4cf1,8,8,16,8,8,0
596,0xffdef5e9eeaceac0800a2f784105105dbaf1d884,8,8,16,8,8,0
597,0x40b6a6321c52ad83631259a651283e4eaf942023,8,8,16,8,8,0
598,0xe5691dfc88e01c16f46560e1a5e6a5ebf0678bf9,8,8,16,8,8,0
599,0x368993ccaac83c863a42569420682df14d8fec4a,13,3,16,13,3,10
600,0x09261c4afa04fc9e3fa39cbd8137a5423d40b6f2,8,8,16,7,7,0
601,0x314efdc75b58e1e09c187ac3cee9e75a42d4590d,8,8,16,8,8,0
602,0x5b94f066d207f9a087610ff8b5c490521cfafba5,9,7,16,9,7,2
603,0x82e38f1a06fd2692ab9275bde75092341b8f187c,10,6,16,10,6,4
604,0xdd175215c2f0c471b0468c87ac7b0ca5d2d6fd90,8,8,16,8,8,0
605,0xb5e14dcf2520d154606254094f32c8d32d509115,8,8,16,8,8,0
606,0x22ba1e3ef17609151fb322cfca979fe0d85248f7,8,8,16,8,8,0
607,0x3c2b600bc5bbba74b2b9edf5e9f12e72240266e1,8,8,16,8,8,0
608,0x3bf5d0f6da7c05ee7350702a34bf58610c8e1a1b,9,7,16,7,5,2
609,0x53237a2b2203c57dc0e9a3b71190cd1a71a553de,8,8,16,8,8,0
610,0x13a183918bec3934db86a8fa870d094a3ec0d647,8,8,16,8,8,0
611,0x36cfb14435133753c0b51c6f8c072afb32c91063,8,8,16,8,8,0
612,0xc591c6592a797886650c43cd12aaaae05aafa50a,8,8,16,8,8,0
613,0xf0f2bb10f0e706128b270becdfd42663aac74154,8,8,16,8,8,0
614,0x5ad83911709fdd78651273919e43d4251c48a622,8,8,16,8,8,0
615,0x571f60366cfb3088dcd911fa9c9a3de13bfa0e22,8,8,16,8,8,0
616,0x84eeb7db3f93feb5a8a98f56dabb970a6797c187,8,8,16,8,8,0
617,0xb258a4dbfdffaa0e2a607bc3bb8e5aef3022afa7,8,8,16,8,8,0
618,0x7b04a23862d02dbea5cd75c9bf196b059c894146,8,8,16,8,8,0
619,0x4df59aa14c75ef409f6779387159fd4cfa79ec8a,8,8,16,8,8,0
620,0x5f3df357144f748d7d53f30719a6e4040e2c7d04,8,8,16,8,8,0
621,0x9985700d3e216562740c6a8e27469efc19d55510,8,8,16,8,8,0
622,0xfa4d3cd41555d3a0fafd4a97e9ba91882a2f4755,8,8,16,8,8,0
623,0x7d479d00712d65f4849a711da4864843cebf83ae,8,7,15,8,7,1
624,0x18ee2518337e7f845f37bba4bc159f0e703de9a5,8,7,15,8,7,1
625,0x2a578a939bdc5486fa8c4f0ef865b71cca03ab7a,14,1,15,14,1,13
626,0x6432d2bca1dab4ad3b695e09ac70358bad4fb1b1,8,7,15,8,7,1
627,0x3f2c35b409863830ec11d84d0334322e0e97a920,8,7,15,8,7,1
628,0x369e330eadd29a3f48663b38b1607b27b9e5dfeb,15,0,15,15,0,15
629,0x194a55cd4c58a01eac8ff299470010764c8697d6,12,3,15,11,3,9
630,0xb08f95dbc639621dbaf48a472ae8fce0f6f56a6e,10,5,15,10,5,5
631,0x3abf901f3e0bd6b87a48b7ef9171d474364f1716,8,7,15,8,7,1
632,0xfb794dd075a698a54334265813f97bb57658bb26,9,6,15,9,6,3
633,0xb1bd944671f52699af38e758791f520a60020b11,11,4,15,11,4,7
634,0x3dadf855b9e30e63bee10ec4d92cbfe789e5f8a8,7,7,14,7,7,0
635,0xea34f50a8074bdbb86e545ebffed2d0042195ea1,7,7,14,7,7,0
636,0x48e28d61547fd8343325c31f129062e2549051ab,7,7,14,7,7,0
637,0x05063421b914020dbac2bc004c9f2111fff937ba,7,7,14,7,7,0
638,0x083cbc7944a5024662ca19f490e04138882c1d2a,7,7,14,7,7,0
639,0x84eac5f75d27cde6191084d5d8b2bfb940dd5135,7,7,14,7,7,0
640,0x1709f800fc9d0b210b6c1f69a7cdc492899808b6,7,7,14,7,7,0
641,0xd22b71a95abff967fb35c380e5d5e0f894ca132b,7,7,14,7,7,0
642,0x814f45d0899577af72c5ab3df59449aa0642a3de,7,7,14,7,7,0
643,0x2fe05ee4d4d06e545f26ca9275bc0a4831df398a,7,7,14,7,7,0
644,0x5bb1c47bddbe6f94d4368190930aea528a18157f,7,7,14,7,7,0
645,0xcba1d08dec5eeca6573fd692037f483c97939716,7,7,14,7,7,0
646,0x9ca47bf1dcc405eba21dd08be477692784e19a4c,7,7,14,7,7,0
647,0x5c38c67545024ef4775994eb6f3992ea9319c1d2,7,7,14,7,7,0
648,0xc84449d779b87ebf0cb02f913cdf320c59ef26df,7,7,14,7,7,0
649,0xdffef5d853e5e1dad3b909e37ba2dae94087c3cc,7,7,14,7,7,0
650,0x32d50f91c42f5d17ff92e0dbe6d990725b0c7de1,7,7,14,7,7,0
651,0x2ba3c3e9d61c776b415eccd753133def6737770a,7,7,14,7,7,0
652,0x9c731c50fb63ee893121245b58816e212f64df6e,7,7,14,7,7,0
653,0x0ff88f56171913741d569d8d3b69884db992737e,7,7,14,7,7,0
654,0xe1855f98cb427a94314ef5c82553d39af5280e8a,7,7,14,7,7,0
655,0x070c7a7beaa34248fb27dcd44fa30419c08b8a5c,7,7,14,7,7,0
656,0x26e735463236598f505bad29e30d9af7e5fee1e4,7,7,14,7,7,0
657,0xf36ce9ee4899217bfa5750c70b0738f0db5bb02c,7,7,14,7,7,0
658,0xca5e1db5c108f562b239d72fa76215473e40548a,7,7,14,7,7,0
659,0xfc68c3f659ec50e32f548cdaed01d59a74997656,7,7,14,7,7,0
660,0xcb47e8f9e4068fa1749e5a5c2c5ab50c0feaba57,7,7,14,7,7,0
661,0x68d43dbd259782c4d40d04e2f6cf0a5483c4e434,7,7,14,7,7,0
662,0xb0f807f03913bbe915b1db88a3c1453bfceb41ea,9,5,14,9,5,4
663,0x4f91738c0f52b1e508d30d7f33fac40b8f7dcf3a,7,7,14,7,7,0
664,0xfdfaba6db3ffa214d72ac48a5c1de57235643bda,7,7,14,7,7,0
665,0xe4fb9ca52e39b83be69e74e7fac8f807a9c16ef9,7,7,14,7,7,0
666,0xdfae5d166fbc1b17b1e5980fb0ddfe0755954610,7,7,14,7,7,0
667,0x3fad44f892b986263ac69db971db8da172185387,7,7,14,7,7,0
668,0x4b64ddf646208c8ddb34e8653ce5b2e5a6101eab,7,7,14,7,7,0
669,0x9020d2115a4d6151b5307aa9a58b9e8601e2187d,7,7,14,7,7,0
670,0x22e1957ddcfd865f0ec6408e3dad1bd27705d568,7,7,14,7,7,0
671,0x16b3900898c18bf267d111244a07d947c48823e3,7,7,14,7,7,0
672,0xd3b1a8a0226adec8fa58a5f3941f142199eaefce,14,0,14,14,0,14
673,0x4443264d8f58a5c091d62d8944c285299ae67dce,7,7,14,7,7,0
674,0xd722755aa3d8b2e9521209ee5014d0e446b82ff5,7,7,14,7,7,0
675,0xa337325a17564e051446a5de3974d44737014820,7,7,14,7,7,0
676,0x947992b897642f19e921d73a3900914f2fc9ac36,7,7,14,7,7,0
677,0x0aebaf5e3d4207d71474cfa3f654ec0743183619,7,7,14,6,6,0
678,0xec8d5c8f1be2927081764405838eac0a402077c0,7,7,14,7,7,0
679,0x6d5ddd6bb1422ace04ddfedce62e8d631d1ea125,7,7,14,7,7,0
680,0x0309a5f5d375d5b05cac6781b4510c33dfcf8f1f,9,5,14,9,5,4
681,0x366786c7311433f73dd43065131f0c744ea93277,7,7,14,7,7,0
682,0xaa49005d07b5a51dcfe4a038c5df6ad153c94a0a,7,7,14,7,7,0
683,0x1429807ad1632f7408a0cf3673120b2012efd6dc,10,4,14,10,4,6
684,0x7fbd4d9e449c8b7684da9176421ae462620bdbfa,9,5,14,9,5,4
685,0x6031814c35938c94cefa9af7e087de9fe740a697,7,7,14,7,7,0
686,0x2bbd496420160582fecd9682604bfe336ab47000,7,7,14,7,7,0
687,0xb0e13d3ad769232cf6c8c03e62d459349a354fb8,7,7,14,7,7,0
688,0x68ede8ee17603fee8dd48658aef7c22a346d7d81,7,7,14,7,7,0
689,0x56ff67ca99018a72139402be43e2ff0fc0db9ce5,7,7,14,7,7,0
690,0x9fa7bb759641fcd37fe4ae41f725e0f653f2c726,7,7,14,7,7,0
691,0xe03d7cb5e146e7f67c5da6bd81d7252b2d6eea09,7,7,14,7,7,0
692,0xaf5a833ccc074d7d7ad5091984a72b2272137811,7,7,14,7,7,0
693,0x66a1fe9983831389bf216b0ada3aae2d480c0b72,7,7,14,7,7,0
694,0x60812a8747c7b6b37202c4c30810b6927e7ce099,7,7,14,7,7,0
695,0xd98f96cec51ae1a3ca0656a7e8ff8fb891e549c1,7,7,14,7,7,0
696,0x68bdeff9aca67da30ad7e78feacb3685a5c0863f,10,4,14,10,4,6
697,0xff99d1ff9ce1179d7a133a09d248b2fbcaea1378,7,7,14,7,7,0
698,0x688a46b1a19193011f0f5dc4675878073f640c89,7,7,14,7,7,0
699,0xf53656409045312755aba5a1d6d62307e985e050,7,7,14,7,7,0
700,0x874f5b8cc54ead6738a7bc3af7c16790808ffda9,7,7,14,7,7,0
701,0x6a04f74a07f98948e43887987c56fff6b7bb0061,7,7,14,7,7,0
702,0xf2df2cb42dd5d9c7fed3b18817dd60f1ff105c08,7,7,14,7,7,0
703,0x2633b996052f016aca973591b31cd1c18ba6ca8b,7,7,14,4,4,0
704,0x2d34fba326c3a3e7af99c2bd001195e8a0ffd373,13,1,14,13,1,12
705,0x5d777ddc2c2834c1271bbbc4fa58007c3c541e4d,7,7,14,7,7,0
706,0x3fbdf3e4ad2c661c8ec6067a69e339b1a730eb52,7,7,14,7,7,0
707,0x287d65de09b68eef8f7a888b0a333590272d39f9,7,7,14,7,7,0
708,0xe6e3c4c97c1c22503fca5ded559f69fd0771eecf,7,7,14,7,7,0
709,0xf35b5a8ac19d2ac084d0363f9d7f31bfe6361cc5,7,7,14,7,7,0
710,0x74cd2a5ea403cbc5bfae354b3e02d10f644eec2b,9,5,14,9,5,4
711,0xca45ee3b2682fe9d698ab32a585809006fa3e0b5,7,7,14,7,7,0
712,0x196f239229aae65883802b5bb512e17084147ff6,7,7,14,7,7,0
713,0x0917686de9a6a8b48ae7a482aaa1fe7064ac0c10,7,7,14,7,7,0
714,0x4900ed49b287f2b4db98ac4db03bcfd2f30f1788,7,6,13,7,6,1
715,0x6f885dfab6520bd9bdc28a5a527e40daa625a770,8,5,13,8,5,3
716,0x05b6ef41449dfdebe54c81fa272eaf8532c903f1,8,5,13,5,4,3
717,0x99d81318e6dc3933ff30325aa2283474981c4e7d,7,6,13,5,4,1
718,0x035acbf50b8e269461b7ad46b1e86cad6db01016,13,0,13,13,0,13
719,0xf050225c84486b20811eb5a7527bd39a8cd3c085,7,6,13,7,6,1
720,0x38a21b96aaff4cc818cf36aeca81b5119711491b,7,6,13,7,6,1
721,0x61bfc365ec9d56b7d0a60a2dd5ca07ad5fb59fba,13,0,13,13,0,13
722,0x5139c2d023c638a5f5190858b2ba4886873ed027,7,6,13,7,6,1
723,0x30e3784b28332b7cb268988f9e81eeff9e3bf2dc,7,6,13,7,6,1
724,0x0c5a2c72c009252f0e7312f5a1ab87de02be6fbe,13,0,13,13,0,13
725,0x374534de1dfd0b0f965600d887f452f7035ea08b,7,6,13,7,6,1
726,0xd1510e4d4263cdc50dd39a5d18d4c676fe4b0aa5,13,0,13,13,0,13
727,0x62ba33ccc4a404456e388456c332d871dae7ae9e,7,6,13,6,6,1
728,0x5e5c817e9264b46cbbb980198684ad9d14f3e0b4,7,6,13,7,6,1
729,0x534959ba20c3084741de70ef1812f20d7dac59df,6,6,12,6,6,0
730,0xc97e45961135ec0a017b89fba4cd79b946f2867e,6,6,12,6,6,0
731,0xbfc118d279a5e669cd7169a4979cc44cabd994bf,6,6,12,6,6,0
732,0x4d3c9a0ab4137391251e937a62129b825bdb21c1,10,2,12,10,2,8
733,0x62c3a16b038962b6e83eb440bb77e9dfc270b595,6,6,12,6,6,0
734,0x328ebc7bb2ca4bf4216863042a960e3c64ed4c10,6,6,12,6,6,0
735,0x7b4cdc84770d2d399d1ab07704334143c62968d0,6,6,12,6,6,0
736,0x577b547d5d915e7c30792838e4c321f80f2d2bee,6,6,12,6,6,0
737,0x2fb3aa82f1696475a0cf635700b08de8b04c6b38,6,6,12,6,6,0
738,0x93c730265d9b4e5f3216e799ad1619928be5423c,6,6,12,6,6,0
739,0x5ed9d23d8637e651d0515bc50f83f07652ac5acf,6,6,12,6,6,0
740,0x61e07007f6500decc32d0adad8ba726f4c25aa1d,6,6,12,6,6,0
741,0x5b049c3bef543a181a720dcc6febc9afdab5d377,6,6,12,6,6,0
742,0xa33828c820eeb5093656cea8840bd8eaf79972d1,6,6,12,6,6,0
743,0xedb54d30f854212063f5134a97616b7af997c043,6,6,12,6,6,0
744,0xab6bf945b57a8aaedd5041f89c93b4565a218d94,6,6,12,6,6,0
745,0x337abb5bde61c7040e50a200dd2900c23887aa19,6,6,12,6,6,0
746,0x9ce523955668bdd059c6e20802f76071fc274f7e,6,6,12,5,5,0
747,0xb9c01c4adb1b0a79885a30a6fb7e1c3592420c27,6,6,12,6,6,0
748,0x1511afbe08e6abbf4e78fb8a72877019500b7a2c,6,6,12,6,6,0
749,0x7902dc17644cb68fc421d3889e77bdd8125fddb0,6,6,12,6,6,0
750,0xca9804ee70a99c51c712b05074fa0690baf73a5a,6,6,12,6,6,0
751,0x814bb30337d8ec10d64b2a19c23db2531990ffc9,12,0,12,12,0,12
752,0xab73d686716339ed1f96829e59a5960fa34ecd7a,6,6,12,6,6,0
753,0xf645877ab54e5856f39dc90425ae21748f52b5d4,6,6,12,6,6,0
754,0x9d9c7a3ab563c70423854a8e2cc54d26a1859450,6,6,12,6,6,0
755,0xc7b41e45b63d835f44a12ccc226b372a523b1693,6,6,12,6,6,0
756,0xc646e02557877d559e55a3984ec12654ddd84af3,6,6,12,6,6,0
757,0xd2205aa882e005066b32764cf6748bd07bdcf788,6,6,12,6,6,0
758,0xdd2ca8a3e754da59626e579f5dc8119843335bce,6,6,12,6,6,0
759,0xe7779a8c5005098328a1ece6185b82c6a9dbe56d,6,6,12,6,6,0
760,0x2bbf90555f27821d0ea64024e17d0aaf9175dd41,6,6,12,5,5,0
761,0x1b27f965071ac1c84cce03aa93f7089d00a4d449,6,6,12,6,6,0
762,0xdf9bcbcb1b8dd7546559f6fe9e5d130a1b9e8667,7,5,12,7,5,2
763,0x62c6e060ea69b7c6d145b73bc834ede9a1b7eed8,10,2,12,10,2,8
764,0xcb2b6aebd169c0de053d97c1a55c6ab8a153a87b,6,6,12,6,6,0
765,0xe94bb4b8027ad2b21a60809a358679331f7a4754,6,6,12,6,6,0
766,0xc57ae1a28e20c4d91fc253462bfab958fc9b687d,6,6,12,6,6,0
767,0x9b1f212b82081b7ad9e0ffc2e95ffefe6d126c53,6,6,12,6,6,0
768,0xa93cd53a4735fcfa2cb4082ee8c8cdf3a5ca0114,6,6,12,6,6,0
769,0x0646575bf7f62f7d6b6ed395d7934860159bafee,6,6,12,6,6,0
770,0x342d03b6b358f21f495d209aa796f7d257d138ab,6,6,12,6,6,0
771,0x4775ce7442e18d476535b0f6b58a4375dd64b609,6,6,12,6,6,0
772,0x15292378cca8630a889670e08b3eec19f4520db4,6,6,12,6,6,0
773,0x8dd209204a304fdf5b7059b463812dcf39aa87a4,6,6,12,6,6,0
774,0x7b3280eac76c53e684fe739509cfbc18c5ed6eaa,6,6,12,6,6,0
775,0x22892d4d59b28c530d58932504b666388c125566,6,6,12,6,6,0
776,0x6dfe78471b53195963f881bebe3d6c73ca44b9f5,6,6,12,6,6,0
777,0x8a8026afd165b8921dbcaf6f28de695965938da3,6,6,12,6,6,0
778,0x2112fb29fb6d031c79c8e0726cc90f68cd7dc8fa,6,6,12,6,6,0
779,0xc7298486bd8f505a5a51350b2a57de5b17d6a779,6,6,12,6,6,0
780,0x8794f1e87e9a34c576b90766e623bd86498cd0fb,6,6,12,6,6,0
781,0xa9ab1bb3a306f9e15954aa3d8a9de91758281f8d,6,6,12,6,6,0
782,0xa8016085ba25af506015cb82f3545a288e6b21f0,6,6,12,6,6,0
783,0xe198ec8392b67449866b749be548e0ae36d75f5a,6,6,12,6,6,0
784,0x0c2311f91a784960fb8ae334bcce11dd3c6a28f4,6,6,12,6,6,0
785,0x0f7a2eb5dfe07f58b73f2a61094bbd3541d3c520,6,6,12,6,6,0
786,0xd30db80042fd2c925521b9205858c77d1a27b42c,6,6,12,6,6,0
787,0x17dac089c206018274dff9f4445994958b339f88,6,6,12,6,6,0
788,0x249e5e66387ee0d4c975cce9788863ebb1d065a3,6,6,12,6,6,0
789,0xef30fa2138a725523451688279b11216b0505e98,6,6,12,6,6,0
790,0x881ba48b3e959c30a714ebc307e20048aee2aa8f,6,6,12,5,5,0
791,0xdca6caa75b8f1cdf8c2a605a7d11013190c2f8d2,6,6,12,6,6,0
792,0xb88f61e6fbda83fbfffabe364112137480398018,12,0,12,12,0,12
793,0x7632e77ee316419e69c3edea50400673023f786a,6,6,12,6,6,0
794,0xa3c277b8f35881cbdb017e52bcc376b3ce8f21da,6,6,12,6,6,0
795,0x9132f2d1da20764aecedd907bbdadeb5fa0b5d28,6,6,12,6,6,0
796,0x32f1d98a8de9d1eb68427c730f6b0871bc285605,6,6,12,6,6,0
797,0x2c01251d6cee319aacb399d39ac50645444c6812,6,6,12,6,6,0
798,0xecaa60fd335c5785047c199b7ffaf9d76901c42f,6,6,12,6,6,0
799,0x11c514e7400702154136126aee7fb5cbebcd28bb,6,6,12,6,6,0
800,0x6f7119de892801f0c07f868d198b510b9c676f6e,6,6,12,6,6,0
801,0x11802ea465e45ee8901080e0ac44ee56dd7da7c2,6,6,12,6,6,0
802,0xa21b3cd198ec3ba865ce18ecba87ce12f5dea170,7,5,12,7,5,2
803,0x3bda56ef07bf6f996f8e3defddde6c8109b7e7be,8,4,12,8,4,4
804,0x1bb4780642b12249ff5a24ce8cc3bbfc8c29e4b9,6,6,12,6,6,0
805,0x0f7ff206d4d53c1681ada3fc1ee7e4f874c0e8a0,6,6,12,6,6,0
806,0x187a53eacc46dd10a5a24e6516a8db6a6e925a77,6,6,12,6,6,0
807,0x7f3d41201754d68fa32d1ffd7a56d93a0090a58f,6,6,12,6,6,0
808,0xf694943940b429293ba725368e75b3f49ac1b592,6,6,12,6,6,0
809,0x7370fcac7a6ff6911965389661267efb05547bd2,10,2,12,10,2,8
810,0xeeb1d2135b3e5b7211ddb44c36fb196f1c178dc3,6,6,12,6,6,0
811,0x67b5913df8de494c4d79a8f157989441f6bbb70f,6,6,12,6,6,0
812,0x8de2ffc56dbd4d13a5b0f2db33bbd02805455507,6,6,12,6,6,0
813,0x6c4de5cbf5284959f6081d1647f316d430142e24,6,6,12,6,6,0
814,0x915f377b618f788cd6ebfef384c28f91493f3414,6,6,12,6,6,0
815,0xed6ae6568002a73e53a39fb5ba5a7e2cd309bb98,6,6,12,6,6,0
816,0x4194aa10d1a47add2b9a20721b4386a69e602ae7,6,6,12,6,6,0
817,0x131aaecbff040379070024ea0ae9ab72a059e6c4,6,6,12,6,6,0
818,0x77081bc39e28161a372cdf782fed15e6ef509668,6,6,12,5,5,0
819,0x42b2d7c6aeaec9b592f477761285b26b78140a80,6,6,12,6,6,0
820,0x48117777554da5b9e4fdcc0462dcf781ec4daaa1,6,6,12,6,6,0
821,0xee6cc0fbb67a328956b0c712a342b9b9b43df58a,6,6,12,6,6,0
822,0xf2b70dd04c29cb968b133af98bc8de6fabe12388,6,6,12,6,6,0
823,0xfcc5ba7c5a2dc4ef495f64064bc6c9491bb78bcd,6,6,12,6,6,0
824,0xa8c3c1e0cef6939b0d5145b4b6826e42852b9e8f,6,6,12,5,5,0
825,0xe4453d379deb10667e13ba4d561e2c7fd3e99ff8,6,6,12,6,6,0
826,0x879c82ff7ff0a55f70154bc20cddaae903cf5d1e,6,6,12,6,6,0
827,0x415e90d8ba6e7529bd9de37439f23da72234e8c3,6,6,12,6,6,0
828,0x796624e3a7e4cd9991c55418c88c49fca63ef198,6,6,12,6,6,0
829,0xe0de7e74ec26b75e15b1b6aa21a14b0fc7d288eb,6,6,12,6,6,0
830,0x1a86ab08cdb6a95bd7f75b3b9ee089704921bd55,6,6,12,6,6,0
831,0xef54a382cd59c2ab47b95f4b2d2b57176a2825fc,7,5,12,7,5,2
832,0x2be43469b6be39b3a29aa3734c348085a83aee7b,6,6,12,6,6,0
833,0xf6a39754ab1a18d19d2cf01dd1941c4b0d2bcf15,6,6,12,6,6,0
834,0x7d8e4b2b6a436f55c67a3001c1a9a6a219f3e1d3,6,6,12,5,5,0
835,0xb09cfba289fa1148ea67aa3f35d51338fe37f839,8,4,12,8,4,4
836,0x7cc9a9ad08e60ed83d44c7b02ddb78be505fbfbb,6,6,12,6,6,0
837,0xe29b7fb40150ea4b7cbc2f22e3acfa67a8da021a,6,6,12,6,6,0
838,0x171939e86646319c7dcd4e894fefe07dfaf71184,6,6,12,6,6,0
839,0xbb0691b61f3348f7228652d363bfafb0fb3000b0,6,6,12,6,6,0
840,0x1ef1a4a0f97969f0db47f2414af934a64368403e,6,6,12,6,6,0
841,0x31d5985e328d74f9d92c6ddde9a1191b3eb95c5e,6,5,11,6,5,1
842,0x10d094bbff45b68f0b5261dc84cc724908bdea33,9,2,11,9,2,7
843,0xcbcf161f0b53e534a77989d83a89cbc9d66fd1b9,7,4,11,7,4,3
844,0xd1e8fd37e062b2337dac47e823115d3810f9f55a,6,5,11,6,5,1
845,0xfc9926f779acb36ac7b801df8c5ffcc9a2d34d13,6,5,11,6,5,1
846,0xdf67361193d52ee42cb759eb98ce2c7978dd440e,6,5,11,6,5,1
847,0x36f9341462c20f0ac61ca519140335732a7f09fa,7,4,11,7,4,3
848,0x170ce88506ee01d6aebb6ee267c550df7a6d4320,6,5,11,6,5,1
849,0x4a401ee7fef089cd20d183fe2510d7bd38294728,6,5,11,6,5,1
850,0xc7d1aadac193c242fdf311e41d8542cae1111111,6,5,11,6,5,1
851,0x6db7424be3298b0081af4e698f828c57b68f4a2b,7,4,11,7,4,3
852,0x30e6315a39af5893090433bf21c64b546768ecd8,6,5,11,5,5,1
853,0xd6dbb26c261cf669cecb144e2c149e886dfa2e28,7,4,11,7,4,3
854,0x66f0e28b8f020e3d10f95cf5ed05e4e223c7673c,6,5,11,6,5,1
855,0x15a4c23e7e405cc6794ae10782042aea9d7ea959,11,0,11,11,0,11
856,0xb0623c91c65621df716ab8afe5f66656b21a9108,6,5,11,6,5,1
857,0xc4508a4910be065b4c61808f3bf7ffde27d9110f,6,5,11,6,5,1
858,0x1df3f1e5fa29f609758f09b00a5b2e0f567991af,6,5,11,6,5,1
859,0xdbbbf7f45c740d99e5e7475dfb8a7dddb61a6466,11,0,11,11,0,11
860,0xd216b10a9e454d4df64504af8b1498a70d6f09b9,11,0,11,11,0,11
861,0xdc36d39c7003bea3d543dd69975e7b990978af85,6,5,11,6,5,1
862,0x59f02451e0199bc997554b89c6e1041bf8f4614e,10,1,11,10,1,9
863,0x1c98ec38126965ad2e732f7f66f03c18ca4a9ece,6,5,11,6,5,1
864,0xf598aadf12a2fc4709b5db0c4c169715efaf2038,6,5,11,6,5,1
865,0x0b5c8913f7eb1ffadfb6f2cbbed7e71a5a10ae2d,5,5,10,5,5,0
866,0x3ecda1f750dc2a71b7a27ffa8b6b35ee5dbeff0c,5,5,10,5,5,0
867,0x7c7047337995c338c1682f12bc38d4e4108309bb,5,5,10,5,5,0
868,0xbc8819c1821bc52b5d30d2dd52f0cb6110510005,5,5,10,4,4,0
869,0x83bfe1c10c97221663c8351a26cf56017b426f4a,5,5,10,5,5,0
870,0x5d263dabdcc08f44389fa2f358e059519c25c041,5,5,10,5,5,0
871,0x8acf08a19c2858a1c9af39b0e52b0a253bea3717,5,5,10,5,5,0
872,0xbbbf62e2e3080f4a5aa3e29a1369344393221ae1,5,5,10,5,5,0
873,0x84b0c50849d29636132924ffd375bd5edb721caf,5,5,10,5,5,0
874,0x8bb1931a1b338a3a0c37ec8cb7762687298118d7,5,5,10,5,5,0
875,0xf960d739bdd0f365cbef934973d9a87c30e04649,5,5,10,5,5,0
876,0x1f5d295778796a8b9f29600a585ab73d452acb1c,5,5,10,5,5,0
877,0x913f31ac648bc6bf0a6c8a5b67811cd6f57d1b72,5,5,10,5,5,0
878,0x97a8144fc4ef4a6628efab3405e7c232f5067f25,5,5,10,5,5,0
879,0xb74cae0866ab29b1a15fad8ff942ade413fd5128,5,5,10,5,5,0
880,0x4aed25296f6d4445888754895f8f3f235f474913,5,5,10,5,5,0
881,0xcb7107fdf33a7bd86da6d60921ae0652c098c095,5,5,10,5,5,0
882,0x199f25d1fa35e582bfb7d4917a1c75d631500521,5,5,10,5,5,0
883,0x3a76de8cbd3e893af603ef326e84215e4122aa43,5,5,10,5,5,0
884,0x914a8de3c8bb6325eb0903127727cb97946ca200,5,5,10,4,4,0
885,0x45647d3dfbde306a251e93600c732167b981fbf5,5,5,10,4,4,0
886,0x4670448c41a93c972bfa45b78a75e1c0cdc83ffe,5,5,10,3,3,0
887,0x05e2461c8c10138aee241268f28de6003d3dbadb,5,5,10,5,5,0
888,0xd1eb1934e55ac9dd4d76e3f8a63f84eabd5fdd1f,5,5,10,5,5,0
889,0x7108f5288bca0482edb6510440f1e17a5819539c,5,5,10,5,5,0
890,0x59c8dffe490f4fe12fb1e5ea37a2e715d8b93e10,5,5,10,5,5,0
891,0x90a1ac797c65259b9bb07afce4c70b2522eb4014,5,5,10,5,5,0
892,0x7e86d59a71189cce55f692b14ef4bed389ab2712,5,5,10,5,5,0
893,0xd173430d59369cc0824da04bc160509d5da6216d,5,5,10,5,5,0
894,0x55af9ff8adf2a9b68efe4db37fb66c4a605857a7,6,4,10,6,4,2
895,0x1c22610dff465d051221a2081bd85bc37bf34899,5,5,10,5,5,0
896,0x955f79eb1452adffb126a129e623ecf718f80524,5,5,10,5,5,0
897,0x75528bf6ed683b0ea4823a26d60c4711d6e2f3ec,5,5,10,5,5,0
898,0xf166d60a6e5861850fbc0f234b9d0dec7647a9ca,5,5,10,5,5,0
899,0x7f14794d6cdc957fff19766960833936ebc1af07,5,5,10,5,5,0
900,0x8adc376f33fd467fdf3293df4eae7de6fd5ccaf1,5,5,10,5,5,0
901,0x05d6f00a46f66517afeafdf686e440c7d71dcbf5,5,5,10,5,5,0
902,0xb239edc232f324a2ed47e7e007ebdfb7093ea3fe,5,5,10,5,5,0
903,0xb084f058fc9fa3d3b84c7b954914e0a7c8d847f3,5,5,10,5,5,0
904,0x000149026f7deb08734a6c7e66c026c445acac98,5,5,10,5,5,0
905,0x3fe7d8125c47e815e4d4d1acb862c8b65358ffb2,5,5,10,5,5,0
906,0x19dbf2a5294432ee4135bbe0681b81635d3ce617,5,5,10,5,5,0
907,0xcdf065cb919b946a19169a597d8d58f419cd6f17,5,5,10,5,5,0
908,0xe05ebb4633adc172a79763c09fd0c30b0bd5fb83,5,5,10,5,5,0
909,0xe8a2e4b762aff7bb19ce7cdfc9307132cb04e01a,5,5,10,5,5,0
910,0x2142fc363ed7dcf77314f521d347ba86bd5797ca,5,5,10,5,5,0
911,0xc3b7e411d2ec884cb6e8c9187e838112e44d116f,5,5,10,5,5,0
912,0x3fea543d48bf757663e9bd7880a64fa6c0c16a50,5,5,10,5,5,0
913,0x9f78617f259fb76a0953ce79f8d96d31e9c7a691,5,5,10,5,5,0
914,0x89ee516fe857d3f3dfebd4630fe92fdfb96ff24a,5,5,10,5,5,0
915,0xafe6520e39b77158e15b3377c1528b590a887800,5,5,10,5,5,0
916,0x2d5a117874989ff3e5f64494e1f2b63daf1de6d3,5,5,10,5,5,0
917,0x4cadfe63af96404bcb3fbef877dc7aaf2593156d,5,5,10,5,5,0
918,0xe5e096ff9413971c6b2377e7811af53e82ca4d70,5,5,10,5,5,0
919,0x96825c9205673f900e57d935ecfceab8b5174b2f,5,5,10,5,5,0
920,0xf18183b66dafaf1f69dc10db28728bf17a586e2e,5,5,10,5,5,0
921,0x56bf24f635b39ac01da6761c69aee7ba4f1cfe3f,5,5,10,5,5,0
922,0x6a087212b8b9fed39e0874bd37a5236236ee8acd,5,5,10,5,5,0
923,0x50b5ef5c0b2d65785e7a69a0e711c742b34b36e3,5,5,10,5,5,0
924,0xc93eef7f0d9b4490abcc58ff55814004eda0296d,5,5,10,5,5,0
925,0x24bd8305f6b062416059c9dfc249a6db724a79d4,5,5,10,5,5,0
926,0xd306b8d412a31c3db54f076bf1fbf223d2ab1565,7,3,10,7,3,4
927,0xd74f14eb1bf1ddbb5edee503948604ed250c0cf5,5,5,10,5,5,0
928,0xd1abe5db14d073883f2084c2af105652102bdefc,10,0,10,10,0,10
929,0xbfe334b816404e21577cef84b1d3cf7035637512,5,5,10,5,5,0
930,0xb527e17fe5e33fb00820b074c764ab70bc4a16eb,5,5,10,5,5,0
931,0x480f0eae741117e4e723b9a41a0396b75b36ff99,5,5,10,5,5,0
932,0x17ac83fa732eacb07d57c4767eb3aed2928c558c,5,5,10,5,5,0
933,0xad9d0aabf6e872d8f6b420218c3b0aeb8713e7e1,5,5,10,5,5,0
934,0xbb4c67cd15f52f12e8e12872a9af794f1e77c544,5,5,10,5,5,0
935,0xd96caf79305f5dde7e2e6f16cc879b9be073d838,5,5,10,5,5,0
936,0xc98829f053614b5b7574bcb1daaa527fc0ce8871,6,4,10,6,4,2
937,0x1ffd639a6e26da0e8b2a1bd6cad1e910739e6ec7,5,5,10,5,5,0
938,0xbd7feac7e39f48852fc05cceb823015040a083e1,5,5,10,5,5,0
939,0xaffd2f666bc699541adae6b8b4dd3b5b33b9efb8,5,5,10,5,5,0
940,0xd7c66c4a0ce0b3e867df8c57e0fae896d1ccfab2,5,5,10,5,5,0
941,0x5b67a18baab6e97b4b48c5ba84ecfd5350e824e4,5,5,10,5,5,0
942,0xc8628ca35f6dc53a385ba93b18a3a98d9104c456,5,5,10,5,5,0
943,0x1764a7381be7940f14d85bf47812d750ebd9d015,5,5,10,5,5,0
944,0x37cade1bdb3cfa3da7a4f349fa3ad8c00962e2a5,5,5,10,5,5,0
945,0x2ff895e051f7a1c29c2d3bdab35c4960e3e1ec72,5,5,10,5,5,0
946,0xbd48be5792f6ac95d03e2569ca70b06528304f48,7,3,10,7,3,4
947,0x9dc4acfa8b790dad0b335a829949321c292994d0,5,5,10,5,5,0
948,0x8ea510665a3270dc39d253f10ee74251781d143f,5,5,10,5,5,0
949,0x52bc9f44484e092017b613b38d44ae61c0114cd7,5,5,10,5,5,0
950,0xf40f793ba6bf4ff3b7a7180e4da9c721bea85c69,5,5,10,5,5,0
951,0x66f9961b1b1598ffe5f86b92d11181bdb30882e2,5,5,10,5,5,0
952,0x115d71d3527f677b8fa645a89ed8d30d6e96021c,5,5,10,5,5,0
953,0x35bd3902a2ed264f1803f78423e71ee0bd7b189b,5,5,10,5,5,0
954,0xea0e4e6780745d437b56fdedb923d16cf9dc2170,5,5,10,5,5,0
955,0x3c382934d8fff6c7c77467308f228d611247ee59,5,5,10,5,5,0
956,0x5654967dc2c3f207b68bbd8003bc27a0a4106b56,5,5,10,5,5,0
957,0xdbab0b75921e3008fd0bb621a8248d969d2d2f0d,5,5,10,5,5,0
958,0x860903e9867fa4f2b5db93d4ce5700f38db60832,5,5,10,5,5,0
959,0x4f9bd3548e09a6b4f8c485605ae0f7c5d6e0aedd,5,5,10,5,5,0
960,0xc0986d68e483376291922a5aa3a5a8cd8928e523,5,5,10,5,5,0
961,0xd793f8c26d5f84738671be17dcff6dfde5cf7aed,5,5,10,5,5,0
962,0x3507c417f58ccc2d62e30bab4fe3053f702b13c1,5,5,10,5,5,0
963,0xb75e6a898f4d7dd32efea8d27094432b0f90618d,5,5,10,5,5,0
964,0x6361d3c5b121467a51cdeeaa3c16430865bd2bc7,5,5,10,5,5,0
965,0x0f3e5f4d5033c8eeae3b5feac3c6c51a23c7a852,5,5,10,5,5,0
966,0xf7ee6c2f811b52c72efd167a1bb3f4adaa1e0f89,9,1,10,9,1,8
967,0x296e0c21db4061ebf971e55d5db85011e7ff9797,5,5,10,5,5,0
968,0xb95a52e91992d709ec654a84f6b911867309bdfd,5,5,10,5,5,0
969,0x70ceb4c4bf575eaae2c3e1311282e45c69e03684,6,4,10,6,4,2
970,0x74ebdf3efd2a85e34782fd28deef75ed13f20b0f,6,4,10,6,4,2
971,0x40d336b5e8fa5acef13761c22de4a17b11d7121f,10,0,10,10,0,10
972,0x462686a68559d80fbbf269ab2d01b15414a9e710,5,5,10,5,5,0
973,0xca11ee4e8f646fd784c909c316e9918c7418aa17,5,5,10,5,5,0
974,0xabe06b50ff1e12200a29cdb422b10b0fec1fa93f,5,5,10,5,5,0
975,0x7fed61bf417ccb1a51272b85a32265d80bf64aa2,5,5,10,5,5,0
976,0x051c438a69a4857a94e735f06dbc72b96fb3ba0e,5,5,10,5,5,0
977,0x5f83879c7a788e21b14c9eae5f80f1a302819e57,5,5,10,5,5,0
978,0x5b354cbfec21373c1a019a6d6f8a6c45d425573f,6,4,10,6,4,2
979,0x38f664f8a08e0108c02cebd658f57e0d058a3ac2,5,5,10,5,5,0
980,0x298a4a9858d8b099275951bfbf1e8615859a5eff,5,5,10,5,5,0
981,0x7d4b01f4e5344be7f67df64e9e36bcca2c753ac2,5,5,10,5,5,0
982,0xa5dd22bbce6b781e8a7e8d8e68b7965ed972fdb6,6,4,10,6,4,2
983,0xd2f0a18a305d44b74ec7422d12e6ed7711c2a18d,5,5,10,5,5,0
984,0xe8ee9b81c5f2cd6eab7503e194bba4cbf07a2bd1,5,5,10,5,5,0
985,0x23b921b4e3993c492b35ea463c47ee251bc6b1c8,5,5,10,5,5,0
986,0x35057032026385c51e3932b4ec8e5c39e14e4802,5,5,10,5,5,0
987,0x2e0d207df5926cfa993d63b0c4880292bc5150c9,5,5,10,5,5,0
988,0x94a26186337ccf6f871379be8f304b0f9a92cafc,5,5,10,5,5,0
989,0x3cfc3b4e0df0667cf7ae1f69a5701fa9fca0257a,5,5,10,4,4,0
990,0x8680d4d5501164b53f93ab259f5d22ecc809b5fc,5,5,10,5,5,0
991,0x00be6e03daf29e37e710b669a59d5d234da7329f,5,5,10,5,5,0
992,0x265fb30d4505d39be521f3235832f4f71a9687c7,5,5,10,5,5,0
993,0x9840d8a48692e4e0534f2c5f85f56c2cb5989aaf,5,5,10,5,5,0
994,0x94ae94cee83e08fdece672e253f3b7a3ced9f8a4,6,4,10,6,4,2
995,0x4193dcf34907e9f2880695947125667c891954b7,5,5,10,5,5,0
996,0x4d84a16025f2ebe17ce5c03691b11cebf4df37d5,5,5,10,5,5,0
997,0xcbbea7ec33d60db283ab79bdac9ffbfa46a83134,6,4,10,6,4,2
998,0x1f87344e00622af30565eabdf653708d7efc420b,5,5,10,5,5,0
999,0x09f5c51803293d76f7d114777328666d2497d600,5,5,10,5,5,0
1000,0x25ddddaa4ee4517fc6a351d73f8a8cd200387297,5,5,10,5,5,0
1001,0x71b4e2f8122b4aa74ac68acdcd3c6713e6423786,5,5,10,5,5,0
1002,0x92572aae1c9c4ba92011a6a56579c79dbb272cd8,5,5,10,5,5,0
1003,0x212345706ffeccc3c89167e43c16bdc865902413,5,5,10,5,5,0
1004,0x79997d017f3647fa5a5beb7b6bee4b4335b56e0a,5,5,10,5,5,0
1005,0x24f4c1abf7065264e521691b66e707c571eea28b,5,5,10,5,5,0
1006,0xe55459f47ef4f7f90e56f8c02c8c36c79e87c00d,5,5,10,5,5,0
1007,0xac4a9aef017fd7f2008c7c40762e63843553239d,5,5,10,5,5,0
1008,0xb71d0978dfd4089dbbd1c86968e4bb35ef49c9fc,5,5,10,5,5,0
1009,0x3a2a81d3351afb1bf9107c3709ed63eadc41b07d,5,5,10,5,5,0
1010,0x16b33094c12ea656ebf7958e20b890fe97c0eee2,5,5,10,5,5,0
1011,0x84e84e2dcd0d0f171f0202c69626c0a1945ef083,5,5,10,5,5,0
1012,0x528358b0630d0594ed2858b308e68511aa365bef,5,5,10,5,5,0
1013,0x5df0034ec7549e19fe31fa82904a090c5083a1cd,5,5,10,5,5,0
1014,0x67d832d19645a61442fd7967f9ec9fe42bf271a6,5,5,10,5,5,0
1015,0x903ea359a65d4d74d15dba407ca8e060ae2b8a21,5,5,10,5,5,0
1016,0xffa896b8cb0bb856913934565905f1d56e12d56c,9,0,9,9,0,9
1017,0x49385df6890411af333e8d69f03fa8a0be1af35d,5,4,9,5,4,1
1018,0x87bc2f2ba8c83f412fed5c3151de0ffbdc959984,5,4,9,5,4,1
1019,0xdd765bbac6ba8e84b05a38a5ae8ae86d7cfe0b9c,9,0,9,9,0,9
1020,0x9efe71a20f30e636c8ffc0f6a502026d68ff4442,9,0,9,9,0,9
1021,0x8d4583655cc7a5b36ee3abe3747176b42b698ec4,5,4,9,5,4,1
1022,0x40b84d7ff0a915dab4fe7b47e1a6e618193a397d,5,4,9,5,4,1
1023,0x7f9c8a96289a07a39f97f71bc8132a60131752cd,5,4,9,5,4,1
1024,0x1d4b9b250b1bd41daa35d94bf9204ec1b0494ee3,9,0,9,9,0,9
1025,0xbfd6b54875a7aae4eb34579bba1f2a16e9521792,5,4,9,5,4,1
1026,0x02c545e7e16afbbe405fad98a8a5a9a9feece114,8,1,9,8,1,7
1027,0xefb503f6f3af3e359ea0c7e6cbe46589f23ed718,5,4,9,5,4,1
1028,0x188cb2068b02402f6dbb9cc7d6f9a0ab8c78637c,7,2,9,7,2,5
1029,0xdead753f9b1eb8f2f7372e8587e7c6e342daac89,5,4,9,5,4,1
1030,0x7d673c30a16cbd0f5c3ef954100502a07efbc445,5,4,9,5,4,1
1031,0x1b319e3f01805ff2c54234868732f90d3c20e67d,5,4,9,5,4,1
1032,0x53a805f7a8f2ede77eef97722818273faceccd0c,5,4,9,3,3,1
1033,0x04722123cc98c8a78f4d2851d2b363561af99edf,5,4,9,5,4,1
1034,0x447392d84f3ebd416d6af226898117262536d4b9,5,4,9,5,4,1
1035,0x567cb82b80f1154bde5fcdd57bc311aa052105e0,5,4,9,5,4,1
1036,0x75393e08de4b3dd7e9d5e5065cb9d6be36354f1b,6,3,9,6,3,3
1037,0x4e9057b9e52e4a96d4e17f6d7073ffc119a1983a,5,4,9,5,4,1
1038,0x15714cb7ed1d08fc9b5d82c1e1c867c69973ce62,7,2,9,7,2,5
1039,0x81db2dfd33b24419f0f715e331f678411eb1ec30,6,3,9,6,3,3
1040,0x929d99600bb36dde6385884b857c4b0f05aede35,4,4,8,4,4,0
1041,0x2d2340b5a45d33dc052f158caa8d6c764db29d52,4,4,8,3,3,0
1042,0xb424d0a3023a3036c8ffab075f9453d604fa8f03,8,0,8,8,0,8
1043,0x06149f82220562f3ae5f47f3254ef7c944079a18,4,4,8,4,4,0
1044,0xdd8fb7922d5ff768d40a53ad8cb61f4662783efe,4,4,8,4,4,0
1045,0xe814cc61ae98d9f7566e4a7c2fca740045d3ebc7,4,4,8,4,4,0
1046,0x961b428e2ac01f158779fc9bb15a6e5f2175fcab,4,4,8,4,4,0
1047,0xd009e7abd3a92815373fa4948736b5fd2ff85e4d,4,4,8,4,4,0
1048,0x4ffe2f674c4afa078554cb2e5a6a672452b6c290,4,4,8,4,4,0
1049,0xcc49a6d063ba72929600d1ed60d863a540b2565a,4,4,8,4,4,0
1050,0x9568ef803d55005ad31ff6cd14924b5e0172dd9f,7,1,8,7,1,6
1051,0xf0c52ee2c4ee0033b6314bc2e8139886c049d128,4,4,8,4,4,0
1052,0x88a5ac81b96cb76c8aebd8125c2b621aa6f2129f,4,4,8,4,4,0
1053,0x7e3de32b65ccae9233ad666f5f7b2872ef37fa09,8,0,8,8,0,8
1054,0x4955fa037da47ecbbb3aa7e3e276ed6f6cb76603,8,0,8,8,0,8
1055,0x2918cb722d4422042514317c425defdf352daf41,4,4,8,4,4,0
1056,0xe307648d20bc25c1ef6ac65d5687e4a58b24631d,4,4,8,4,4,0
1057,0x450eb7c423a9ccb91939f340948e48de9bb55865,4,4,8,4,4,0
1058,0x023ab8e20a4682d315daef4c91db96bd77934d66,4,4,8,4,4,0
1059,0x0a3abf3b1677b4c9d846c79e738074ab45a532af,4,4,8,4,4,0
1060,0x38d5adc3950e6f567367560711d90e349ace4b3d,4,4,8,2,2,0
1061,0x6a0aeb7ffb72657387097aa2c3eecb28b898cf8e,4,4,8,4,4,0
1062,0x284cdf3610ee0a58093177c2e51a0a151a3cddeb,4,4,8,4,4,0
1063,0x3af7f85584184f63b533e547e255ae7265ee6a90,4,4,8,4,4,0
1064,0x49706203f6daa5979c9f09d7ee12b0a98f549ac9,4,4,8,4,4,0
1065,0x3f3f1501df473080ef8e8c28272d22daab1551a4,6,2,8,6,2,4
1066,0xafa67b588826e298e89a977035c96bd9afe69b3f,4,4,8,4,4,0
1067,0x2e1d83e4a919abadae383f35e9ddb9b0fc411f1a,5,3,8,5,3,2
1068,0x5377f74a2229216b2cc5081908582d66b193d7be,4,4,8,4,4,0
1069,0xc0ac6e7418ca8f3db06c7e3201a481cec0882f35,4,4,8,4,4,0
1070,0x4c65b06a49c7d17a4373df12fc3060a8457e7499,4,4,8,4,4,0
1071,0x025b93cef9b8af5b2d081d7c9a4f432accee31b4,4,4,8,4,4,0
1072,0x758e83c114e36a28ca1f31c4d2adb5ec7c04c578,4,4,8,4,4,0
1073,0x34a1bb83ea71fe5a3feafc1d18a472b35f41ee88,4,4,8,4,4,0
1074,0xd82a1aa418cf4caefe8bb50a11be407cd59c2629,4,4,8,4,4,0
1075,0xd42dad718b0f0affbca2ceef0120f1a44faeb519,4,4,8,4,4,0
1076,0x925bd5347ec5412d062b87016b8d000567f842f7,4,4,8,4,4,0
1077,0xeefeb439b57877368b116f61c696872478ab844a,4,4,8,3,3,0
1078,0x3e522051a9b1958aa1e828ac24afba4a551df37d,4,4,8,4,4,0
1079,0xb1d693b77232d88a3c9467ed5619ffe79e80bccc,4,4,8,2,2,0
1080,0x46af710279f710280c96cad45ba21af8c1fdf600,4,4,8,4,4,0
1081,0x00612787a55e9a2605e189819a5d7f6e4d934279,5,3,8,5,3,2
1082,0x67fa5c1fe10aea4913323f6f6274c9d9bbb9ed00,4,4,8,4,4,0
1083,0x411150bf77260f446e6ac5c182981b949ab9502e,4,4,8,4,4,0
1084,0x0ffae226b0d0565174f4bbda1edff63395939c9e,4,4,8,4,4,0
1085,0x6fb76ad8a26835384c908a239d5b46edff1f93d1,4,4,8,4,4,0
1086,0xf0ff9e9aa25f80fb9446c007c369944bfd777fbf,4,4,8,3,3,0
1087,0x591ec71097d9fda67cf53732239f9591688f37e9,4,4,8,4,4,0
1088,0x1ce3b4905eceac3ddedfc54be775b5f7a627001f,4,4,8,4,4,0
1089,0x29c0f446b983d002a8d110aee7e904426da5327f,4,4,8,4,4,0
1090,0xdf37cab4c874d20ce3e07171a0507aafaad794bd,4,4,8,4,4,0
1091,0xaf184b4cbc73a9ca2f51c4a4d80ed67a2578e9f4,4,4,8,4,4,0
1092,0x2f9c3f70c0eac09105f97f9bc2da560214d06711,4,4,8,4,4,0
1093,0x6180441027cc27f63d3d25c43618199839f3570e,4,4,8,4,4,0
1094,0x36152bcd1608d2c3b3a926080d03de60d1f2f7d4,4,4,8,4,4,0
1095,0x1aa848d18591799386c9122232b008f2bcf1e698,4,4,8,4,4,0
1096,0xe6e01d9a3fdea516ec28a3ec980685ee0d6ef360,4,4,8,4,4,0
1097,0x48f5aa216d81de954b9101febf90447d49b9d714,4,4,8,4,4,0
1098,0x183d63ab9c95f9fe5c4ac2d6f0231b5b50c138a0,4,4,8,4,4,0
1099,0x6b5857934545bb955823679698586f4268f45bce,4,4,8,4,4,0
1100,0x521f3253dee5aa0b5ec750befc896496f36e7f15,4,4,8,4,4,0
1101,0x4a3be48295f3a4ee36de458d5cd11db27d6b00fb,4,4,8,4,4,0
1102,0xd9672f61587a5973d6000bd2e0fcb8562a770bfc,4,4,8,4,4,0
1103,0xe7420f4b26a565186ccdf5c3d356c62b127c81ef,4,4,8,4,4,0
1104,0x20998e06cf13898aeb5c28ec1d972b74cb02de9e,4,4,8,4,4,0
1105,0x7ace5cffbf9e1b1a4e8f491a64013b0e6f774136,4,4,8,4,4,0
1106,0x9e6bdf73c4d4e8f72ea33f675fa66958b6f0adfa,4,4,8,4,4,0
1107,0xf6a0b11a43efc30c08d73743b673739e01a29d2d,4,4,8,4,4,0
1108,0x077446faffa990b6766129b8821f756bd4f3303d,4,4,8,4,4,0
1109,0x2282bc8e090439a0195e0c862ae3ffc47bd2edd8,4,4,8,3,3,0
1110,0x094486124dc59c617b627b2982bfe033d222a2f5,4,4,8,4,4,0
1111,0x5b4b59cfe9d5bf1ac734f3f0f5bcdf19b53add64,4,4,8,4,4,0
1112,0x5cd1de033775386a3bd29297ef60842b3d910a51,4,4,8,4,4,0
1113,0x9b86449941d2f226a2211553f722c76c06d99bbb,4,4,8,4,4,0
1114,0xc087e32df8f35525343b04622828370c068ebf12,4,4,8,4,4,0
1115,0xe2f9fc75984516748405cc2c184fc7cf1be11026,4,4,8,4,4,0
1116,0xa582c011842e4aa4d3e3578128dd9851c5846a5c,4,4,8,4,4,0
1117,0x97e97c9dfd2e23bea151845ad34c7526b883dd8d,4,4,8,4,4,0
1118,0xa97727370e2592f83602bc92975c49c4fea4491f,4,4,8,4,4,0
1119,0x9c2a4ed91537fdc014a70da6db94eed5b0d927c2,4,4,8,4,4,0
1120,0x04033dc31dc1deb533abd67b9456e46c3c1bc523,4,4,8,4,4,0
1121,0x450415366254eae6fac0c54bb213e1f2c7741bfa,4,4,8,4,4,0
1122,0x059bd6c13f6994618482b0079b72819cd8667419,4,4,8,4,4,0
1123,0xe595e943f4fd55e5ad9926a69dd1ef0994e5560a,5,3,8,5,3,2
1124,0x9db40419478c7da7d695ab4d9781c3083f1d7c13,4,4,8,4,4,0
1125,0xf1e68b2e31fa71302c23cb939d43abb501ecf21b,4,4,8,4,4,0
1126,0xff1882511a5673194b252c35f2530562f74f47e4,4,4,8,4,4,0
1127,0x172c6e8b7ed15f7487c5cf73c224e07e848aa439,4,4,8,4,4,0
1128,0x62c35eaa939061df52c72b95a3ffa4d749c312c4,4,4,8,3,3,0
1129,0xabf1ff91cecd9990b3f29363b62b87fd76f55f4a,4,4,8,4,4,0
1130,0xba7f114b61223ce2ed6d8b04938c5f0812960f58,4,4,8,4,4,0
1131,0xfe7adaf3fac1fb7873f7aafbe21c0c7e83ea3bcb,4,4,8,4,4,0
1132,0xbbfb8588c36fd31b1b446fc55b9880ea6928b4ac,4,4,8,4,4,0
1133,0x68527f40212a7535c6f3d5fad22ed6b931692b88,4,4,8,4,4,0
1134,0x6becf664ea481eec5e22e61a988e720661fa6285,4,4,8,4,4,0
1135,0x6c27da33bdcbde39c288715cf6d77c191c802abd,4,4,8,3,3,0
1136,0x61053c986ff8d278f6ef13e4630d70296e23b90d,4,4,8,4,4,0
1137,0xc98a2af79a3110201013354779c3d371000bb92f,4,4,8,4,4,0
1138,0x882ed7c9552f5e310c7ecfc8b1586e07aa8c4741,4,4,8,4,4,0
1139,0xa867f01382bddb3bc9525d1151c96c42f4d6d4bc,4,4,8,4,4,0
1140,0xa3806b214dad425a33b3fdfa55bae30d9c6fdd41,5,3,8,5,3,2
1141,0x911765e6cbf6f1dfc7c1bacc01be7e32612aa541,4,4,8,4,4,0
1142,0x74b3c576df40b7132b0ef96301cddc5dfe15732b,4,4,8,4,4,0
1143,0x9a60e13219a2a354ee000ea6dff4e55c95894f89,4,4,8,4,4,0
1144,0xd9d23db5632262033ad9f73ac8fbba8d76d00188,4,4,8,4,4,0
1145,0x614e25f17e4f6d3d19fad1b95d71ec3dbda63fcb,4,4,8,4,4,0
1146,0x68667f9b371742fc25735727a220d044f685326a,4,4,8,4,4,0
1147,0xd8f90cac809ab4dfe6d8fad0a7834bc9576aaf2b,4,4,8,4,4,0
1148,0x0e9bc9ecdb714ebec170aec518ac75a57ab032e6,4,4,8,4,4,0
1149,0xfccb7af4323da719ddf623f789aca79c9143f0ff,4,4,8,4,4,0
1150,0x884050e742c50beac9825d7dff4905217b747e1e,4,4,8,4,4,0
1151,0xbf0f18033950ef50570db1cfba0ab2eb49d3b889,4,4,8,4,4,0
1152,0x4365dab1348d97c971ec7e126f52333da1665492,4,4,8,4,4,0
1153,0xdc7d0d897e1b7998c780d16b3c08482a74e71f33,4,4,8,4,4,0
1154,0xbe26f7ac2a163e7568973845200c146d82c5e2b5,4,4,8,4,4,0
1155,0x0c6c1e389bc6ce4f7bfbd9d2ae07c8eb6cbb0241,4,4,8,4,4,0
1156,0x883a23d0befe11523d0048266bf505716c362ab1,4,4,8,4,4,0
1157,0xfa39d97ad1b8b6b42331a9d0317b8c8c21495af5,4,4,8,4,4,0
1158,0x5ce9ad759e41bf1b3dfc1a41db940a90d7a43460,4,4,8,4,4,0
1159,0x419cb1ce6b42e786556e88db73d449f9b073dd44,4,4,8,4,4,0
1160,0x4e6246b41bdfb9c862231912ff842471e06dfa6d,4,4,8,4,4,0
1161,0x00b87c1b8c5f615c514f6d8174ab59633f1c9ed7,4,4,8,4,4,0
1162,0xf265da71bc4044908836f579b890b983b95374aa,4,4,8,4,4,0
1163,0xebb22a940084db4463f9be60733e4b24f1d9028b,4,4,8,4,4,0
1164,0xa20dfb4e053769c8e6eb8145978369802ef7caa9,4,4,8,4,4,0
1165,0xc8ece128e77dfe3a3bbd2c7d54101f2238f8b611,4,4,8,4,4,0
1166,0xd22a5ef6e37148801327025d7cb38faf7b3f6db8,4,4,8,3,3,0
1167,0x74e5fc386cc9f0d37295fe4a2b076e60eabaf651,4,4,8,4,4,0
1168,0x62dad688ca940162eb7996c0c5badb7245fce92f,5,3,8,5,3,2
1169,0xd080aaeea8c402dfbd38d25b3eab0d668f5fac84,4,4,8,4,4,0
1170,0x11266e35d8c0a6842c7b54e953af5bb6dd7876c6,5,3,8,5,3,2
1171,0x9219d2731463119919389da22263c52d7a6a4cc6,4,4,8,4,4,0
1172,0xa29165035399bf1519b91572a3108bb26d4582b1,4,4,8,4,4,0
1173,0xf27fc78282c865f34a5d3bbda59238d9b65bcab6,4,4,8,4,4,0
1174,0x9314ce96286d6529f5b5c325af78b8aa4a8e5576,5,3,8,5,3,2
1175,0xd39aa8158e6d493f0d76ed37bb4b9185fcc2fb05,7,1,8,7,1,6
1176,0x34d600129974704933a7e2619fb98c9fe030fcb5,4,4,8,4,4,0
1177,0x289e4525138d93e476bdf5257126dd1d4fbca6ae,4,4,8,4,4,0
1178,0xca64044b77926d2ffc439eb7fd68adfe2e227d3d,4,4,8,4,4,0
1179,0xc2f79e508cee14f99b6d30ea3dfd71b5d5423621,4,4,8,4,4,0
1180,0xd91cbd7bd278d0884801ed6d4fb600d8da898591,4,4,8,4,4,0
1181,0xb4642e523539204399afcdb0fcf8b76d4c8b0f42,4,4,8,4,4,0
1182,0x0d4ddea3849c54e16c85cb4354943dc876e05552,4,4,8,4,4,0
1183,0x99147d124479ed8523d773edfd89a2c35ef7daaf,4,4,8,4,4,0
1184,0x59dafa79a8806be9fbcffd0b8103249948c155b3,4,4,8,4,4,0
1185,0x3674ed6f12df61446972b5c6882f5ebe8f99a976,4,4,8,4,4,0
1186,0x88ce2d4fb3cc542f0989d61a1c152fa137486d81,4,4,8,4,4,0
1187,0x7d22499943ccdd7b23a6df3332dba0d186f6af3d,4,4,8,4,4,0
1188,0x62d83634becac31649ccff86b29d22603975abdf,4,4,8,4,4,0
1189,0x986db45a86309c8d25182ef8b05c2b5a87a29bcc,4,4,8,4,4,0
1190,0x79abbfdf20fc6dd0c51693bf9a481f7351a70fd2,4,4,8,4,4,0
1191,0xd42787bf70ca6c46bad3cc8edf7de2e2524e6628,4,4,8,4,4,0
1192,0x57d1ac9360225b41d5e3ead77a0b648d37cae124,4,4,8,4,4,0
1193,0x9c4f52cf0f6537031d64b0c8ba7ea1729f0d1087,4,4,8,4,4,0
1194,0xa8c23cec2808b1892b5aeb550bf0724d4b0c9e9b,4,4,8,4,4,0
1195,0x85c7199b5a36e87956cca466233de6710e849d6d,6,2,8,6,2,4
1196,0x0a64d0ce4adae3fe9979661221b06f37ae6356b4,4,4,8,4,4,0
1197,0x565bf194f964cdb0a113af9230d7b2206ab1ea0f,4,4,8,3,3,0
1198,0xd2d45ac22cb152db485a0c357233c5ba044b3631,5,3,8,4,3,2
1199,0xe7de2ff245bcf840d0d20c04c00fec2779861f36,4,4,8,4,4,0
1200,0xeaeaa1e30d62bea880d5f38171bb32a2f91bfdce,4,4,8,4,4,0
1201,0xa714369f744c22e165c3ee9dd0bf08ada67f3780,4,4,8,4,4,0
1202,0x1728345762cbc22d6f91a9c42b452324c2ad5bd2,5,3,8,5,3,2
1203,0xe0a749772f7512983759a8a7dee2f5a39d9ad14c,4,4,8,4,4,0
1204,0x3e4d740fe297874769d7c51139f0ea663d50bf5b,4,4,8,4,4,0
1205,0x8b11e31f8b4e68be240994cb27eabc39de802539,4,4,8,4,4,0
1206,0xb6fd3bffdce3d4107f46349afe9024f92f424cc8,4,4,8,4,4,0
1207,0x8924ac1196e2ae89603925b6e001dd14e3f7fdff,4,4,8,4,4,0
1208,0xa2536684467549af6237ade7697373b5a521a650,4,4,8,4,4,0
1209,0xfb5146803b7dde661aab84915cc1435697caf896,4,4,8,4,4,0
1210,0x01e4e2336c28def39c58098893d8ad84b9f1b9c7,5,3,8,5,3,2
1211,0x756126723ce9552375ab88a7589da5ddea1216a0,4,4,8,4,4,0
1212,0x53006e14fe724408ca5bea36aef586536255f4d7,4,4,8,4,4,0
1213,0x701459b25bc4e3075524f24b705025be10786267,4,4,8,4,4,0
1214,0xa643ae04441c4ab18bad908680f943d0e7538b87,5,3,8,5,3,2
1215,0x6536a7b4dbe42ef300a05aaeee6afbac309dc662,4,4,8,4,4,0
1216,0x1228a857fd7ee845f4999f33540f6b9d0988e80d,4,4,8,4,4,0
1217,0xcca10c95672485e8701f67bd650253285dd395e8,4,4,8,4,4,0
1218,0xd2d4867b8886c0cfc3de5ccd5203ec66c6183764,4,4,8,4,4,0
1219,0x22a676b52392591bc6c7caf51c14b38f5e0f3716,4,4,8,4,4,0
1220,0xc61ee98439ef0e8506ba9c9b74d807bf6910d375,4,4,8,4,4,0
1221,0x4650d0c9e3148a8f66af374820aa2eca0a47dad4,4,4,8,4,4,0
1222,0x5498f6e2a58b767c3c89431cdb79a8c26adfa14c,4,4,8,4,4,0
1223,0x1a7cf94f494d672dd0fbd033a3c43a2674b5190f,4,4,8,4,4,0
1224,0xf76b00b44f70a377ace77d5c0a4eeb6aea1a7671,4,4,8,4,4,0
1225,0x893ff957806f1a7c9386c41b8a42e6f28fba2966,4,4,8,4,4,0
1226,0xe8da3d3823ea3f93edcf0d3d387dc4629d9602cb,4,4,8,4,4,0
1227,0x045b694ef8440c2254ea3681b55e381a096695e8,4,4,8,4,4,0
1228,0xa6a8e9b3cbbb3d83d5bd87b5dd1ca616f81d3662,4,4,8,4,4,0
1229,0x9619bcb3f3dff8212e54dde1f5102a1a8337369f,4,4,8,4,4,0
1230,0x2f3a97ead2453d432b061d52a1ea4c2aba130869,4,4,8,3,3,0
1231,0xa553da0483f7a84320250abd59f37fe3672fa994,4,4,8,4,4,0
1232,0x68127c24399152ffcfd2fd5ee4336a9b87cae9c0,4,4,8,4,4,0
1233,0x9c2a28ab5a27a1346fe8b8b63f977222907f6815,4,4,8,4,4,0
1234,0x99940a2cbf3495c22b6b7ea64e4f977695b7010d,4,4,8,4,4,0
1235,0x6363f3da9d28c1310c2eabdd8e57593269f03ff8,5,3,8,5,3,2
1236,0x58377f9e8ea044621102a10496e3a5fca34677d8,4,4,8,4,4,0
1237,0x8a6ab47b1b794275c9e4d931e1f096de117d775c,4,4,8,4,4,0
1238,0xed90fe7c5054f236ae0ace23447ba5d506a9cc3b,4,4,8,4,4,0
1239,0x4622606d958de3d8aca3d597e539692d7b3d3eea,4,4,8,4,4,0
1240,0xd4be987d841a1d177f00cfc788e6090741032c35,4,4,8,4,4,0
1241,0x2caf4b885350a767e85f9fe835ae8530dea738f3,8,0,8,8,0,8
1242,0xc1c4ec74429327bb3afd6c57da11771d1414739d,4,4,8,4,4,0
1243,0xd93bea8972f02df40d1df236757de7b7cfb6a04c,4,4,8,4,4,0
1244,0xfb6c769a5844d19d6228023a09f9f4f09e5f1f94,4,4,8,4,4,0
1245,0x68ccb795a8dea5472a7cf487a4c0008baa370770,4,4,8,4,4,0
1246,0x6667c694b55e68f6409bc96ace9a9ac3bb1fc132,4,4,8,4,4,0
1247,0x61101724e4dfa1e64c3647eed544fbf741e2568b,4,4,8,4,4,0
1248,0x9407b1fdc0e548da07847eefc1e4c4965f57ab66,4,4,8,4,4,0
1249,0xb03fb18eb14dbabdb66eb8c380cfaa97f2ac3d21,4,4,8,4,4,0
1250,0x2a0c1241926c1501be74571b835b1ba6ea4da4aa,4,4,8,4,4,0
1251,0xd8f0d4f6f0b3dd3f9ee040f1d99a4f67962c97bd,4,4,8,3,3,0
1252,0x202832ac5972302e9afbd470d45cce9bb1e61535,4,4,8,4,4,0
1253,0xb2a6154e899f09c0bd08d10a01e859d16d4bcb3f,4,4,8,4,4,0
1254,0x30b30b0b3e640f50ffa898a95e4fd790d262b496,4,4,8,4,4,0
1255,0xa0a873a16e2538ad5f98f52434184bedca71193f,4,4,8,4,4,0
1256,0xeb0570232a21920c1156638a8f0409d01a061244,4,4,8,4,4,0
1257,0xf299671f75cbfda0e4c25fd8c2bd3ae23bb456dc,4,4,8,4,4,0
1258,0x3d7e23af8de6c01fd57a2c9b5fd1543004d9167f,4,4,8,4,4,0
1259,0x22bffefb6da1f90c7f8200381efb47f894d46c4c,4,4,8,4,4,0
1260,0xf14a30c09897d2c7481c5907d01ec58ec09555af,5,3,8,5,3,2
1261,0xc4137c03d1eb5185afd1df073f1c38e5bfa4d9a7,4,4,8,4,4,0
1262,0x23fdfb91ceae2e0273a742cd9e045118abaa9c7e,4,4,8,4,4,0
1263,0x139c459539792b9519bac66fc4c93d6fe53b6708,4,4,8,4,4,0
1264,0x0f7c8669771d711486379a9a0445d21a35626d9c,4,4,8,4,4,0
1265,0xe8cc9052ced3383dd959912b49333388c62d4df2,8,0,8,8,0,8
1266,0x1f9d5ef83c0c08c39bcfc651e32a25d7436299dc,4,4,8,4,4,0
1267,0x8014562c4cb51b796a9cf0d2045482e6636ba3a1,4,4,8,4,4,0
1268,0x71056c16c5423227371e86c65fe825dd7fbf877e,4,4,8,4,4,0
1269,0x4217fd9d8e8c04b8676051c6dc1f92c6a5a6fab5,4,4,8,3,3,0
1270,0x1877ef5d6133097a15b01e46cad97691713c9d04,4,4,8,4,4,0
1271,0xae2b0c0826f1ca8839683072520130c4faf88204,4,4,8,4,4,0
1272,0x19ce5a5f3f1c9c388b7c6abe22031bf3d7cd1ecb,4,4,8,4,4,0
1273,0x9c34a8bf0014a9259ad07e79e9f09c7d3ef9ef4b,4,4,8,4,4,0
1274,0xe83b9b1344c84910a39942c91e05717acc72a902,4,4,8,4,4,0
1275,0x271f64dc32d577cfdbe3d1cc7d97a5ef640daf0d,4,4,8,4,4,0
1276,0x5ff589f40a81fa8ad27579fa7335729b86bb8ae0,4,4,8,4,4,0
1277,0xa19b108df3c098875daa3c3dbf57b05521ba1a2a,4,4,8,4,4,0
1278,0x6b6ca48da27304eeeb1d15d355d948f68b852733,4,4,8,4,4,0
1279,0x2329d6d67dc1d4da1858e2fe839c20e7f5456081,4,4,8,4,4,0
1280,0xb0a6c65ec4b4fd44a3b87efc58923971e2de8066,4,4,8,4,4,0
1281,0xa2ecada0b45ad16625865843c9fc5e7c985a2e42,4,4,8,4,4,0
1282,0xb0ed9703effa36c4286d3ecb9cfa37d992f88abc,4,4,8,4,4,0
1283,0xb70405cfbff4f8f5e29195620bc2a00e0f202890,4,4,8,3,3,0
1284,0xdd15553673126d386f9e735d0cc56a96e59cc095,4,4,8,4,4,0
1285,0x5c45d184bd64190050e3107661752ee85fd5b5e3,4,4,8,4,4,0
1286,0x1f61f0bad01e70207094a0d76ae716a679ebdddb,4,4,8,4,4,0
1287,0x34d7bceaa2b3cfb1de368baa703683edc666d3f1,4,4,8,4,4,0
1288,0x279114e9f61e9fffdf788ce1ad0c70bedec04920,4,4,8,4,4,0
1289,0xe1765ff8f5f404fdcdf2e96b4fd360f6200fa36d,4,4,8,4,4,0
1290,0x29f8eb1d3517b0320faed276ab9d612f454e0ef4,4,4,8,4,4,0
1291,0x682bde2ac78bcc2df7d19dfa747cc6dce9d3392b,5,3,8,5,3,2
1292,0x1228fd98abe831caab7853675477bafb369e02ef,4,4,8,4,4,0
1293,0x8953cd748349e46ec2e013accd818dac56cb38a7,4,4,8,4,4,0
1294,0xa8bc3c6598d7812925863d2d58e8280d50000001,4,4,8,4,4,0
1295,0x8a6408b11f68af919b5c0815c86bf66b5172a173,4,4,8,3,3,0
1296,0xaf14a6c27bbc5adecc7da73fa4c5be05623298ed,4,4,8,2,2,0
1297,0xed8db5de8e7f3f14114bb2e2d57f08182537350f,4,4,8,4,4,0
1298,0xabcb3b2920a256e92612d6b9ea9ad7839293e0e9,4,4,8,4,4,0
1299,0x096234723ed2ba030a26814b46397e684278aff3,4,4,8,4,4,0
1300,0x51aede3c8c25b35ae6518b3fdb145a035f7ccf79,4,3,7,4,3,1
1301,0x0a9ce4ae04d04a54af3949d356b6d6d7a6438f02,4,3,7,4,3,1
1302,0x01e40c0e12f9bb7457eba8279197f14fa796fcf5,4,3,7,4,3,1
1303,0x3390f14921ac7db3d7d4f1dcdd82ea15568abadd,4,3,7,4,3,1
1304,0x3f7d095446c5267671e77b460fe162f4b2248300,4,3,7,4,3,1
1305,0x7e34f0b9cd12d909c7a066758ce98156f3576f75,5,2,7,4,2,3
1306,0x0c23a02973d23c3adb9dbca548f7b37b6d958860,7,0,7,7,0,7
1307,0xcb6586874cc04b01cc4fdb777de502cea7b3d6c1,4,3,7,4,3,1
1308,0x88a218bdd10af88c0675169fb37afce526f3f7b8,5,2,7,5,2,3
1309,0xd7c43708daf2c3bf4a6a5f8cda95ae1f7ec3916b,5,2,7,5,2,3
1310,0x45b78bc14cf5e0ab1dc33d6731e65784f955545b,5,2,7,5,2,3
1311,0xbb379331de54a7c0a4b2bff5a54a14cdba7e9e6d,4,3,7,3,3,1
1312,0x965b0b76b3d858d33dc569e455ba80207ae958e7,7,0,7,7,0,7
1313,0x21258055dfd7a287dcc224e3586210f1864c1996,4,3,7,4,3,1
1314,0x0d0b3b531cdbb38f854613969d83334cd73dc7cb,4,3,7,4,3,1
1315,0xbe88a02e13998bb0d47bc8749a191719ea45d12b,5,2,7,5,2,3
1316,0x0e6e4c6af397da3a3c8b3975bb58a25cf696c60d,4,3,7,4,3,1
1317,0xc3edcbe0f93a6258c3933e86ffaa3bcf12f8d695,4,3,7,4,3,1
1318,0x850596444bb1921ef60e647f0951f766c6359c83,5,2,7,5,2,3
1319,0xd5b587a76808bc2f80641d16c94fdbbaaccacb5b,4,3,7,4,3,1
1320,0x2c0f37c08532d690975085b9983d9169e2643877,4,3,7,4,3,1
1321,0xb11b38a7c3fdb1a151050dd13e62ec63c611ab47,6,1,7,6,1,5
1322,0xb2550480446821f9420ffff1c94cfc1abd3d042a,4,3,7,4,3,1
1323,0x98405417ed185131e7152c00927a8919b6fb99e3,4,3,7,4,3,1
1324,0x85d30b5a70259923e7da4ce433985c55cd095bb9,4,3,7,4,3,1
1325,0xdd769e033011d8fcc0f16d3ebda96f176cda96f6,5,2,7,5,2,3
1326,0xb642d3b6e7511ad71a882c41a5f9c9dcf21f2765,4,3,7,4,3,1
1327,0x8a2d26f44075a3b9f2ae0615a5bbbe6f4d0616ce,4,3,7,3,3,1
1328,0x3fb5eb6f0d81cd51adb5338cf93bb836838a5278,4,3,7,4,3,1
1329,0x7490aebe717b512c1d465253909fc8262f75b047,4,3,7,4,3,1
1330,0x106ec5fd0d629ad1e9135dd4eea4dbcae969d057,7,0,7,7,0,7
1331,0x06adc7167930fea8750c6ac212bd4a5a0b10b875,4,3,7,4,3,1
1332,0xf0e396cf408b7f7c42f8f1e5546930b32002b3f1,5,2,7,5,2,3
1333,0x0481ac68cc3cb70f71c537c9cc14a6ddc29881b1,7,0,7,7,0,7
1334,0x775b3c8c6dde152f619238c19ff069293e5f1541,4,3,7,4,3,1
1335,0x65504838463b09bbdc8be4561a05ee611f6077d8,5,2,7,5,2,3
1336,0x81122384f4e9f50d66b8271f6d86c69c2fabfccc,4,3,7,4,3,1
1337,0xdb01f24fa773fef587b2a05a8ce27977871367a7,5,2,7,5,2,3
1338,0x038b97d549bf4d3cfa4e116a7f6ed257249001c5,4,3,7,4,3,1
1339,0x125932718c2c15d593fbfe9860b179e13371d9bc,4,3,7,3,3,1
1340,0x7f0722dc8690383be380bb8b7fd0e51e4ef911a3,4,3,7,4,3,1
1341,0xdfb5b90056a24ac9290f1ca32a56ee96a24c8bf7,4,3,7,3,3,1
1342,0x7c7b0e07a20b805be22a437dbafb875a8f66a369,4,3,7,4,3,1
1343,0x2ae9a921e379196ff940f671439ea712688b3f9f,5,2,7,5,2,3
1344,0xf025642ccf12d67c06e8ede7e8d73c0677f0c190,3,3,6,3,3,0
1345,0x37736cb01e41a7ad592fc3b3e472787769b3234d,3,3,6,3,3,0
1346,0xf8d68e38b6b380ddcb70b2bee3d1f57d71724eac,3,3,6,3,3,0
1347,0xcb22237f7ffa2114f0ddad9ae71bef747d29ec6a,3,3,6,3,3,0
1348,0x96d5a392a2f977ba49234e85f119f721a6c8db43,3,3,6,3,3,0
1349,0xfbff2739978790aa7655fb1b75bb1811e347c1fd,3,3,6,3,3,0
1350,0xeaca8307f0d6f67c24ce8fc3b3a6d664d45cb06a,3,3,6,3,3,0
1351,0x6186290b28d511bff971631c916244a9fc539cfe,3,3,6,3,3,0
1352,0x6e4f80530b08bcdd5063c03d92b4a787dc87d016,3,3,6,3,3,0
1353,0x5be1ad47a11e78bd78b66a1a41c855d899f8891b,3,3,6,3,3,0
1354,0x5f377398a12b2a22d3bc6b9ffb1daf2c42648ce4,3,3,6,3,3,0
1355,0x0f680b5176fe1d9f84a10c9fe63b01e99dda2d56,3,3,6,3,3,0
1356,0xa85a4d93bdff07a25fd6d440b9fbb0c4d20ad88c,3,3,6,3,3,0
1357,0xa5d9a096ab17ebdc81b3bd65ef973096c78e6c5a,3,3,6,3,3,0
1358,0x0c520d5d99df7ecbf3754ccdc1c9583495582069,4,2,6,4,2,2
1359,0x64622e1058d418b44fee143ca2d4661bc830bf07,4,2,6,4,2,2
1360,0x2d9cf94180538a25d7fe3d02bbbf1b2d5a77c9c7,3,3,6,3,3,0
1361,0xef304ebe416d7bbb508221ac441273f805f508a7,3,3,6,3,3,0
1362,0xda22ecb2897040eb15da2a98765446ee07fdcc81,4,2,6,4,2,2
1363,0x607feac523d08eaac00707f210a2e4a32a93700b,3,3,6,2,2,0
1364,0x8e5e9744c1d18a8bd2058f295247fc05e732f0a4,3,3,6,3,3,0
1365,0x47ea0ab486f9d00f16d9f248e3388586e061f7f8,3,3,6,3,3,0
1366,0xf231226cee2ca89986dbc3aa270befa2b61ea93d,3,3,6,3,3,0
1367,0xf807967e9adc0400c2465f0cf7104494871fc653,3,3,6,3,3,0
1368,0x601c6d9eff76ae8cd7bff5fc4900f20f6f80734f,3,3,6,3,3,0
1369,0x2ea08a84a13be708c35cd21099beaca42a40c770,3,3,6,3,3,0
1370,0x88e2b3ddb429bbfe7e8efc392e3dbad010ca7948,3,3,6,3,3,0
1371,0x29813fce6aa778d3cf4265cb522524000dad3506,3,3,6,3,3,0
1372,0x75c1b767ab7c46c074710ce0cb8c03a99fc28abc,3,3,6,3,3,0
1373,0x6948e90462d334e37bcc0f5ead83e20f2d6b4034,3,3,6,3,3,0
1374,0xe33b6b5e071b68705b3f44464b61b2cb2b15ad9f,3,3,6,3,3,0
1375,0xc73b67ad8c9f6e13160c75571a58397174d4ed83,4,2,6,4,2,2
1376,0xdc885ae9b6e311ac63ca4a0f91a30e8221de6bc3,3,3,6,3,3,0
1377,0x70f6aaa23f13cb19c57e76aacbeec7b1955c115f,3,3,6,3,3,0
1378,0x7310e238f2260ff111a941059b023b3ebcf2d54e,3,3,6,3,3,0
1379,0x0d3c509343bb541d54d001903d5fe9bc51bed334,3,3,6,3,3,0
1380,0x09793cce33761c6878ba45d701c7ac25daf180dc,3,3,6,3,3,0
1381,0x8be05c960019f94fb2c211b015cb2008a5d98c57,3,3,6,3,3,0
1382,0x4fab9ee6a48412f8bcf36f45a2f6e29d70da8ae9,3,3,6,3,3,0
1383,0x8b2c6518e3e868f34fbc46c0ac486cbd46efa963,3,3,6,3,3,0
1384,0x7f9241ac942ba97085ef1a1542d270bfd6a987fd,4,2,6,2,2,2
1385,0xe166c05d57fe12ff5f79da00cccfe4911fa42272,3,3,6,3,3,0
1386,0x36c72892fcc72b52fa3b82ed3bb2a467d9079b9a,3,3,6,3,3,0
1387,0x9bcdc7db2f57b0f960a737ccc29373a9bc760134,5,1,6,5,1,4
1388,0x0210f405c9c9a2ff6ef9d5025be9508abdba84aa,3,3,6,3,3,0
1389,0x053e6294400a9268e35df445624f58087c7f388f,3,3,6,3,3,0
1390,0x879765ffd7f2fe105ed3aa42b15b5f5ad241f0bd,3,3,6,3,3,0
1391,0xd078eed5f3aa148ca7b507fe2bbda880fcbeca0e,3,3,6,3,3,0
1392,0x243706e13823949dca2283ce5607f618d9d17c31,3,3,6,3,3,0
1393,0xba56fb3eab93ca597df4124c4278ef76b7fa102f,3,3,6,3,3,0
1394,0x79c26b3468fea1ca206c918758d978ca9079bd39,3,3,6,3,3,0
1395,0x6951bec32b306d7d0a89b3c52067697e68357477,3,3,6,3,3,0
1396,0x0000db5c8b030ae20308ac975898e09741e70000,3,3,6,3,3,0
1397,0x5ed2b0ba63c6d5a82b91b61b500d58078486348d,3,3,6,3,3,0
1398,0x1cc8757ec222e097198e2119bc15d95bd77a60a2,3,3,6,3,3,0
1399,0xa779fc675db318dab004ab8d538cb320d0013f42,5,1,6,5,1,4
1400,0x21f0bd11622ddd4d743d7ca84f3fffd8f60a4950,3,3,6,3,3,0
1401,0x821b3a304bebb15cf8765e0f8f09c1f9f772cbd8,3,3,6,3,3,0
1402,0xcb1f291df5cb46ed30a2da9c925ce3623de95110,3,3,6,3,3,0
1403,0xede834d76d04f07ee76eb22d28f32fb38a830b7a,3,3,6,3,3,0
1404,0x7b51c87167f50418c6fc1d077ba09318796fa563,3,3,6,3,3,0
1405,0xa6b89a8bd97f54895c3b93ad44d277c0d78daefb,4,2,6,4,2,2
1406,0x903103ef92b5c227d6f3e6eab4311b6d7460f134,6,0,6,6,0,6
1407,0xff6f09546f46112ecb924de1133d51efe3418c6a,3,3,6,3,3,0
1408,0x029546eebdf440e6d11276c556d6ce2a967308e4,3,3,6,3,3,0
1409,0xb11f38078c2b018641b8bb80a2c1655133e6bd70,3,3,6,3,3,0
1410,0x37ccd806c9f45488508aafa1f1223f8c77e569c2,3,3,6,3,3,0
1411,0x496f590b563fb176c68afc1b14e25a04232645d4,3,3,6,3,3,0
1412,0x7bda98d295b79ddcf16a503525013967409ac91a,6,0,6,6,0,6
1413,0x1397e83a67d2217eb4e49aaf650e090ca0c64b3b,3,3,6,3,3,0
1414,0xa1371573b4076696a309d00cc6fe8595def62763,3,3,6,3,3,0
1415,0x77aec1bd719c446b2ba87b2433c99fecb8d469bd,3,3,6,2,2,0
1416,0x9fbb12ea7dc6de6503b35da4389db3aecf8e4282,6,0,6,6,0,6
1417,0x9de8806cd270d7014223fbbe512582dc7921e413,3,3,6,3,3,0
1418,0xf687f2a2eb3092f46dc3d0aec12ab56c0453b67a,4,2,6,4,2,2
1419,0x8d73a36d78e2ae4a437053c9ce3be70d483ab74d,3,3,6,3,3,0
1420,0x8759134e281118ead37125f8761a36ad7ee47fee,3,3,6,3,3,0
1421,0xcfe02cea37f5588bf66032512c3a987542d12989,3,3,6,3,3,0
1422,0xdbfd836c989e1fe9586cb0d1bfb35e7849be23a5,3,3,6,3,3,0
1423,0x2cef1ff3436ebd6177269c0b62b7da3a78bf3f05,3,3,6,3,3,0
1424,0x2cdf21663e45abb48e31f10f78f490c58165b7ad,3,3,6,3,3,0
1425,0x90660dae63ee2736a40c38651416868f3876eabc,3,3,6,3,3,0
1426,0x7ad38be4f06615612dedc523d898650a3454125a,3,3,6,3,3,0
1427,0x20e98169bb048355005836132c791a88f4146940,6,0,6,6,0,6
1428,0x203b1b7bac5b79ed20bdf704ba68499c26e6f43b,3,3,6,3,3,0
1429,0x65b7f1858b846374f16ffb85dd63dc114c0476c9,3,3,6,3,3,0
1430,0x261af68f656dc79e88bd748564c74304baab714a,3,3,6,3,3,0
1431,0xd85c34db7e2806ec26516d90d03e1f3e91460d58,3,3,6,3,3,0
1432,0xf15fe868b185fc82ddaffc805ebc37380c778c52,4,2,6,4,2,2
1433,0xb50f74ef92584cacf67c328c217c4ded8d2d884c,3,3,6,3,3,0
1434,0xa1c2ff024c313088ac9ec47ec68c67b2b5478035,3,3,6,3,3,0
1435,0x38a58bf74f84084d87fd660cd45054d96e7b0e1a,3,3,6,3,3,0
1436,0x3b573643efb20a009840c655c63bb82c1ee873be,3,3,6,3,3,0
1437,0x2964d617fd62994a65102c82dde82ae46d7503ff,3,3,6,3,3,0
1438,0x1e11410ddd131126c6d62a92bf554973aeb8debc,3,3,6,3,3,0
1439,0x7f46acb709cd8df5879f84915ca431fb740989e4,3,3,6,2,2,0
1440,0x2b3a68f08058c8ada93c6acc18d06d1836d7c8c5,3,3,6,3,3,0
1441,0xb3716bea5654faad71279e2e4cc8d51dbea9db4a,3,3,6,3,3,0
1442,0x110ea1b5153234021b6a2757a2e44c99eb07da74,4,2,6,4,2,2
1443,0x6cb5c8ded35deb8b046a92600af218274455e015,3,3,6,3,3,0
1444,0xb50834ead2db08cd4f1ad77ce63980c24c1db9af,3,3,6,3,3,0
1445,0x954021052072c6b6d8e1feb5fa2c093cba72a344,3,3,6,3,3,0
1446,0xd7ec6ca6f2c70fa98b8eb16d8677a9cd72232acf,3,3,6,3,3,0
1447,0xffd493efff7422fd05499f1c394d2343dade911d,3,3,6,3,3,0
1448,0x8f3d6cd0a34401069fc999da8c12efeb0e141039,3,3,6,3,3,0
1449,0x5c637588a945908b95ff6e029dda4fbb8d5b0690,3,3,6,3,3,0
1450,0x66651be0b31afd2fbae570353ad14ec58b5fda0a,3,3,6,3,3,0
1451,0x31b105319e874bd584d286faf747dd3b2312135c,3,3,6,3,3,0
1452,0x3e852b2fb78f3dbef75991a49c7523f1aa0a6151,5,1,6,5,1,4
1453,0xf97310320a2918f8eef71e6b4044d7f254d4a1d1,3,3,6,3,3,0
1454,0xa1590e6e97522927c40ba7f2300ad7477273b9bb,3,3,6,3,3,0
1455,0xd4a1dec441846fcc444dcdab7122f690370a3dc4,3,3,6,3,3,0
1456,0x6aefb01670227703529608c3372c7dc36eaf0f6c,3,3,6,3,3,0
1457,0x36a8169ecd533fde80ee458937dbb954a877e08e,3,3,6,3,3,0
1458,0xf3200191b1b6344bfbef5f4b6e73bb47e2c1b8b5,3,3,6,3,3,0
1459,0x85026596042cf8cab1b521bcca86c56cf2d2ecae,3,3,6,3,3,0
1460,0xe5b52bded527167de8e95bf61ade5abc232c145b,3,3,6,3,3,0
1461,0xc94fcb4fc59d0cc11c1f07c238b8ff9ff99f27ca,3,3,6,3,3,0
1462,0xca75f9d1f6a5fd53c20bb0899e5f7a44b3a8e811,3,3,6,3,3,0
1463,0x34c3a5ea06a3a67229fb21a7043243b0eb3e853f,3,3,6,3,3,0
1464,0x1fe58beb990e1a22dba64a7806b7084ab474fc10,3,3,6,3,3,0
1465,0xf5b1ce61ac45e5bfee6a35de8881d3a7ebd45653,3,3,6,3,3,0
1466,0x5bca4075dfc8065235cf75c6b15b410e62845fec,3,3,6,3,3,0
1467,0x08476da7fa9f54c8e931a4ab185d18f2caa76b4b,3,3,6,3,3,0
1468,0x0adfaa2fd26af99dddcc68c4efbe479c1a04c4e3,3,3,6,3,3,0
1469,0x0ac6cb70abc03524643fc22f870ce961ee8fdae2,3,3,6,3,3,0
1470,0x223df59333a3e17364ece51cc3d5e3ba243928e7,3,3,6,3,3,0
1471,0x4803ca770b9d96995fec576337f7c551d589ca47,3,3,6,3,3,0
1472,0x3058a0d5e8e1a7b15dbf13eb3d411ee3efea70d9,3,3,6,3,3,0
1473,0xdeaa067e429ad097465d8f3b50ca306f13061038,3,3,6,3,3,0
1474,0x6c050b5ab9c831c7eb4f7cc577ca2cb78331f4e6,3,3,6,3,3,0
1475,0xfef7eb7868af1fbcb8010cc02cbd68c75be7bbce,3,3,6,3,3,0
1476,0x88419b68f135f21ff6d446653e9ac82ac08e7232,4,2,6,4,2,2
1477,0x1a4e5a4f2b185ec6c8054c3eff6824250a0ccfec,4,2,6,4,2,2
1478,0xeeddf3665f62473bbd481d6a58e33998f24aac9c,3,3,6,3,3,0
1479,0x9bcf50d39d15b15623e3a57628e3cead75890207,3,3,6,3,3,0
1480,0x0e442c7d7db830276ecc7292bc57456309fe1522,3,3,6,3,3,0
1481,0x9a26124ff3407ba1290721b40336ba896002afe0,3,3,6,3,3,0
1482,0xb1b349dfe0814bf7d40aa2a789f2dca8f137fd3b,3,3,6,3,3,0
1483,0xdf0a60e1873fbaf2d81a12505d97aee2d1ab5ce8,3,3,6,3,3,0
1484,0xd1d6bf2b014f0f2c53a54515d11e2d72d89b61b4,6,0,6,6,0,6
1485,0xe526f0dd4182a3abd95e343a68ca7cd4c7de910e,4,2,6,4,2,2
1486,0x9090652ca38b3aecac66afe481e9b8a602a3dffa,3,3,6,3,3,0
1487,0x28175de4df06a1ebc629262e745d5b5eefeb02ab,3,3,6,3,3,0
1488,0x3850cd6f7516fc46dd3aecf410fa84a0358968f5,3,3,6,3,3,0
1489,0xddbe58cc182dad04e7558aa94fa902b420feeb58,3,3,6,3,3,0
1490,0x95649659cdf4e6f57759c622cb54e4a63b493262,3,3,6,3,3,0
1491,0x40efd2a7b4d8ac3d08b33e708bd449d72e428433,3,3,6,3,3,0
1492,0xddaf39030823529b8cbd4203e2fe4311454e027b,3,3,6,3,3,0
1493,0x6743406e32127b7efe84157f6fbed69fbba309fd,4,2,6,4,2,2
1494,0xe15d0643779f442a7610125990cd550b014035a1,3,3,6,3,3,0
1495,0xeffb0a104543b9037b4391fc710221b38ba0a9c4,3,3,6,3,3,0
1496,0x9d176dbb7712b532cfd6036a21fa588c4fbfcef5,3,3,6,3,3,0
1497,0xd4eb40aff4d19df9d6235d5fd223c2308b94b3f8,3,3,6,3,3,0
1498,0x2420d61b30ebecc787fc4ca27f1e0b75037fdc68,3,3,6,3,3,0
1499,0xe5e9ffe707ee071998340972af6fb178f5c64ba6,3,3,6,3,3,0
1500,0x081d6c04de76031d9d9e23a0563e4eeb95ce09be,3,3,6,3,3,0
1501,0x40dfc135284bfee3e869bf5f2fd41704a18181b9,3,3,6,3,3,0
1502,0x17a5116c243808633ec742aec95bd16db8e69db2,3,3,6,3,3,0
1503,0xf4c40bf7070fdcf64ecf020bcb583738a6cc3bcd,3,3,6,3,3,0
1504,0x205bbda7a146bfacd57e43841fe3892782d65faf,3,3,6,3,3,0
1505,0x276b014497044468fab1490f81036fc65eebc09c,3,3,6,3,3,0
1506,0x111a63c07ee5d8b2f2d8b2ae202b1d95ad3572aa,3,3,6,3,3,0
1507,0x0590b48dfa0d60aa888ff7d6922290423ee8512d,3,3,6,3,3,0
1508,0xd8cb76fac61fde4cf75034af102cfb746fe9bc69,3,3,6,3,3,0
1509,0xb5c334d5b7ecc8cad80d70bca474e45f4d63e98b,3,3,6,3,3,0
1510,0x5b664f9882c7464e1b9d09568f392120bfe42daa,3,3,6,3,3,0
1511,0xe6ccd784b83c955acdff7cbdb04274999654f2cc,3,3,6,3,3,0
1512,0xcceca09ce174e57b26879b94924c76bb7b66ecd5,3,3,6,3,3,0
1513,0xfc322639c39dc59cf4f42d555ffc3213e968ef5e,3,3,6,3,3,0
1514,0xcbcce2388318919d5ee3f036c474bf1aff340272,3,3,6,3,3,0
1515,0x35473089317c8be9031bc1b5c9ca1875fdcf2120,3,3,6,3,3,0
1516,0x77ce79b1276128273f6cdf0aedee717ebfe02d79,3,3,6,3,3,0
1517,0x644f2a357b7d2f6588f3ef913eeb4efefd30f59a,3,3,6,3,3,0
1518,0xef57fb14adc43d022bd1d99692d3c682c6173465,3,3,6,2,2,0
1519,0xd895bbc452992fd28c8a40d053f812790e102184,3,3,6,3,3,0
1520,0x5c05177243a9d81caef1d4feab6750689d0363a6,3,3,6,3,3,0
1521,0x772735a47c5d1fb042b5be4d605a0323db365d91,3,3,6,3,3,0
1522,0xfef382aed469f793b78df2e19d5b405032a9808f,3,3,6,3,3,0
1523,0x4bafea7c1452a3a8568d96d99d66b2228b8f7604,3,3,6,3,3,0
1524,0x77717351c680b435b5cf9e8c8b1f42766d87411b,3,3,6,3,3,0
1525,0x4c0d8b81eca457f343c145e7b5af6cc3ea623602,4,2,6,4,2,2
1526,0x8c4e7292e36cf88362fb767e7ff9cd4e7bbdd715,3,3,6,3,3,0
1527,0x9cd997e6b20a142cd7e1b6eb5eb0c0f189556dd7,3,3,6,3,3,0
1528,0x917f4c25f09e60de8c8c14a799efb749d22fbf43,3,3,6,3,3,0
1529,0x62323b7d31a480253e582dcfb3bc456abb609d87,3,3,6,3,3,0
1530,0xfe59f409d7a05f8e24aa90626186cc820c8e3005,3,3,6,3,3,0
1531,0xdc3fbe8f55411939f1e48621cac269ed0c6d3a30,3,3,6,3,3,0
1532,0x2bfa9e5b2bfe6d84aac3a19995aa23cf81a3d234,3,3,6,3,3,0
1533,0xa1c20a55cfbf0282bc0854fe7c089e3707f0e455,3,3,6,3,3,0
1534,0x8f2c1cd44df3cd1f968f5a7dcbbf3c5d5b3d8056,3,3,6,3,3,0
1535,0xc2c021e83e1f4c32af0bd4af939f9310b0fd6900,3,3,6,3,3,0
1536,0xf4a66a92f5a9d622cb880831a0fd26ceca64d727,3,3,6,3,3,0
1537,0xdd083b3f91f389f756e517888b9daf89ce08a3c4,3,3,6,3,3,0
1538,0x63b22ae9c289616f72e93febab10d79751f53cee,3,3,6,3,3,0
1539,0x0dd70e248a98c9cebf1431048f593eb1cca3ef43,3,3,6,3,3,0
1540,0x4c4bbeb51614bfd7763fbd5e01e00f02f0ddb66b,3,3,6,3,3,0
1541,0x031ebb21ddc4ea7cb7f24817b26b3f4b827f83b5,3,3,6,3,3,0
1542,0xdfcba7eae632a6ea1be4d1ce59700b2c23db8435,3,3,6,3,3,0
1543,0x469c2cd9e3cc2859093e4f01bfd4360826ab0ab3,3,3,6,3,3,0
1544,0x39559dd1a159444ae1f3f4509e2e43eac3c85c1a,3,3,6,3,3,0
1545,0x14e8b81c4012bcd0966bd7f800f662a03ef68294,3,3,6,3,3,0
1546,0x4827cc0799a678fd2ec764bcf87596e5d16f4684,3,3,6,3,3,0
1547,0xc0e95ebd15252490cad48129f35ffb9e9919bd0e,3,3,6,3,3,0
1548,0x809e82136239a5f26596bd6ce9192207bdffa04c,3,3,6,3,3,0
1549,0x40b64ae4665109ce0cb9cf4d619afd6a4f73dff4,3,3,6,3,3,0
1550,0xa15ceffae873189757f94e497f649b4adda2fecf,3,3,6,3,3,0
1551,0x9571b19359b805ece360e733ccb97e0840c3a129,3,3,6,3,3,0
1552,0xff81b6e6599ecd876f6fcf4eadda990153fffcf4,3,3,6,3,3,0
1553,0x00000000d3baaa99a7e09ad0cd6efa987484064f,3,3,6,3,3,0
1554,0xcd1e27461af28e23bd3e84ed87e2c9a281bf0d9f,3,3,6,3,3,0
1555,0x76f1b5e7d2bf9644d84ab8367fa8739eee6edc90,3,3,6,3,3,0
1556,0x00e952276c03e71b7b6193a67ace9b3e60546042,6,0,6,6,0,6
1557,0x5429376b877772e54c9e13f7ebbad7f243a185b1,4,2,6,4,2,2
1558,0x529011590aa3dc655a371b2b88af18b6866b28b2,3,3,6,3,3,0
1559,0x5f6dd775a85f0bdf017ba7ae010496bdfbe4fb11,3,3,6,3,3,0
1560,0xeb6bc3940c9fe8d7a90baeb168f64f2fecd9a5ce,3,3,6,3,3,0
1561,0xe24da1c8f33e1dd8b7993b8b028c7109698ddaa5,3,3,6,3,3,0
1562,0x55fc82d7a5a3233674e5e4b3d7cd125b1facd515,3,3,6,3,3,0
1563,0x1bd5372bfe2e00d83883dc1b8a86aaa092661724,3,3,6,3,3,0
1564,0xbb41dd49254e8b9d631b835062392a460081734d,3,3,6,3,3,0
1565,0xf846e9bfeb081b95370ded98150b8a42885e6523,3,3,6,3,3,0
1566,0x950d765c3c0e5e9d9cf8c6cdc454c646651acf64,3,3,6,3,3,0
1567,0x007def61181b1731e5532d1f08f0a5a27281aea4,3,3,6,3,3,0
1568,0x00c511ab1b583f4efab3608d0897d377c4de47a6,3,3,6,3,3,0
1569,0x8e961eb62b866f71f446baab145063774004cdb9,3,3,6,3,3,0
1570,0x8e178600b634971480ddb724fa3f40bf225bbee3,3,3,6,3,3,0
1571,0xc67db0df922238979da0fd00d46016e8ae14cecb,4,2,6,4,2,2
1572,0xafb60a1cb7733a41d1e88319b4b78b47dd5c32c5,3,3,6,3,3,0
1573,0xf4157bcc2ac6ea4feae687647c97f20b1c5c8ab7,3,3,6,3,3,0
1574,0xc2458e55e8021c484b468f6a4ac858f6eb0e644b,3,3,6,3,3,0
1575,0x969eac041cfa4bac53109bffd20268293a68d805,3,3,6,3,3,0
1576,0xb2aef4ebd50d979c5c5e212ace1f77ece6f51c3b,3,3,6,3,3,0
1577,0x492a29d000430e451170f05133b11c89062121a9,4,2,6,4,2,2
1578,0x5fea1b7b5dac93e64bf5657e2766b917034cd672,3,3,6,3,3,0
1579,0x40719b26afa2edd8a3bb7f681e73ff1db5eda753,3,3,6,3,3,0
1580,0x02d1a96a3f39c2e4965e57caf70b3ac5083033f9,3,3,6,3,3,0
1581,0x9b56aaa0937047a211ad41b9ce5a4c0d731a442e,3,3,6,3,3,0
1582,0x96935c7831eee549ceda5c91ee4196248ba735e7,3,3,6,3,3,0
1583,0xf207e69a7cc3b4a00fec3039891a77b3df8c3577,3,3,6,3,3,0
1584,0x857c7f67694bd6223b080d02a8552e8f35e672e4,3,3,6,3,3,0
1585,0x88bf5a2e82510847e5dcbf33f44a9f611f1c1df5,3,3,6,3,3,0
1586,0xaac9a94460981317086703d17415dc4158bc4983,3,3,6,3,3,0
1587,0x59ea2177a4ef0bda89b938c60b512bcdef9bbde2,3,3,6,3,3,0
1588,0xb1e079854268985431935ce53aa54c8e1722fa0d,3,3,6,3,3,0
1589,0x27a45873644c0181aa7c48c913cdd36169b3fea5,3,3,6,3,3,0
1590,0x65319a59d0047b61111c1230fd3c5513495f7be9,3,3,6,3,3,0
1591,0xcf1561890d28eae36194e3a589e77b2e98de2f80,3,3,6,3,3,0
1592,0xb9e2b59bbb86d8e1f8017d5c236bb66d22c51e5b,3,3,6,3,3,0
1593,0xc3ac206741146f52f30ebc1bb901814637de3e48,3,3,6,3,3,0
1594,0x6bf59f277eb3d0be9e4b397d81c48980a1559300,3,3,6,3,3,0
1595,0x3b5354d5d6e10b09fd1db364964f21e7f4ad0447,3,3,6,3,3,0
1596,0x90b83a9e86982ca5f02bd575568b504145b31d89,3,3,6,3,3,0
1597,0x4060914d070dd6d15bfacb136a46f24022338e40,3,3,6,3,3,0
1598,0x1409bf16b2aa3fb70f1f160f10a3cde912924528,3,3,6,3,3,0
1599,0x80fb5880f38185661962e475ac1557817dc9faea,3,3,6,3,3,0
1600,0xe780eb1568c4f7f4798e9950920bdf33ecd6aad0,3,3,6,3,3,0
1601,0x88f3afa9757779a957b75890d2ff410d00d623a2,3,3,6,3,3,0
1602,0xc8a3040b62fcf8e47c34d560f09715fb2ad5e4d5,3,3,6,3,3,0
1603,0xa8095b86474d53dca0e0bcb1452a4da73090a205,3,3,6,3,3,0
1604,0x74a4ee5715bc2c6bb088c16ec3b8bad6280527d7,3,3,6,3,3,0
1605,0xb2b9b4d5cd5f2b27c29fea129c43b9fe250f73d7,3,3,6,3,3,0
1606,0x3843d837483767c20a19cb8b0defa25c3d160e45,3,3,6,3,3,0
1607,0x54a6523f22b31a90e7b1ff179f36d609f40ff931,3,3,6,3,3,0
1608,0x071f8795b317bb554c3ba789b06c2b48f0ff9564,3,3,6,3,3,0
1609,0x79f2360207e4026d38cf753feeb375b978ff4d84,3,3,6,3,3,0
1610,0xf6a32f757196ac753a354f145f408bf88beacf29,3,3,6,3,3,0
1611,0x11e15e2fd9f784a32327e6e1654555540a290af6,3,3,6,3,3,0
1612,0x8a33e42ceb277c4da1dd9098f0ec7bda83b1f04f,3,3,6,3,3,0
1613,0x73b9b4ab21ad26887d40534cd75ba991654a44ff,3,3,6,3,3,0
1614,0x3983e864dfc308618529cd1b419470b4a19428f0,4,2,6,4,2,2
1615,0x37bcad72009b3a7385b95f17492e2a3882da977e,3,3,6,3,3,0
1616,0xf1affc529ba8438b6a257e0ef9313f3491f4c852,3,3,6,3,3,0
1617,0x202eca424a8db90924a4daa3e6bcecd9311f668e,3,3,6,3,3,0
1618,0x07e07deda2262a3ceeec17964364041898ffbb97,5,1,6,5,1,4
1619,0x1bfccd3d1dc31ede78dd1b3e56b35cf6df7e63f5,3,3,6,3,3,0
1620,0x3d351ae3da1b0bc1d8745f60be21d1e0583ddb69,3,3,6,3,3,0
1621,0x02e7b1b0e38804fcc8c13d67def988e2cb4c5bf8,3,3,6,3,3,0
1622,0x0587e41b6aa2302b2cc3b6e53e3cc50e3698fca2,3,3,6,3,3,0
1623,0x0b15b27e1739d96fb971da481ffc2520157dcf66,3,3,6,3,3,0
1624,0xf332ed3fe19ddd582236b8c67e409933fa878b15,3,3,6,2,2,0
1625,0x2ff7fd024775e0e232c1b402a88c65ec9b95b773,3,3,6,3,3,0
1626,0x3c691aaccc85a7bfa92c8fb4c50670cd9dd6edbe,3,3,6,3,3,0
1627,0xfd2fe2f3f03b754392819888943df5d5ac8b6a82,6,0,6,6,0,6
1628,0x9b00771dbc3a6bbdd6393a7536cefd287f3bf865,3,3,6,3,3,0
1629,0xe63e2cdd24695464c015b2f5ef723ce17e96886b,3,3,6,3,3,0
1630,0x7a92a9cd2f78abe6e3716eb5cc2ed762ae90c88a,3,3,6,3,3,0
1631,0x94d9ebb25447ac5d66b58a6a4fdfd62b3b83bd90,3,3,6,3,3,0
1632,0x9f286319be34810f17fdad364d9ccaefac31407d,3,3,6,3,3,0
1633,0x64f29d9cd5c6c26ca3d9ed47fc690126ec79a2a6,3,3,6,3,3,0
1634,0xd6b954f59f0ebb252edc7796c64ba167a1e2efab,3,3,6,3,3,0
1635,0x13588fbe1ca4db24a0c1132b1b1763ceaa3e7d4c,3,3,6,3,3,0
1636,0x2d834ed2be42aaa78c6105a0d4a6f0cc9daca107,3,3,6,3,3,0
1637,0x13f9c84ea1325c3088266b8d0641ddabe2ea0ddb,3,3,6,3,3,0
1638,0x7cd4854339e35fa0243792685baebce73d6a23d1,3,3,6,3,3,0
1639,0x0d3ada2a0e63631e1515c208998bf63ad4882cee,3,3,6,3,3,0
1640,0xf8b539d40657d56cf505b1c00c5181acdfd146d0,3,3,6,3,3,0
1641,0x39f2fcfdd65573d4c1e6dc2d16c161d160e1e5e6,3,3,6,3,3,0
1642,0xd0d004b4ce867785d9ab4c684f0497680aa7b6ae,3,3,6,3,3,0
1643,0x9794ea402a03b342dfddf07946445814a568be2e,3,3,6,3,3,0
1644,0xd061dc1d012a77723f9c94ac1e3607bdc4714d07,3,3,6,3,3,0
1645,0xce60ee8402e51e01dbf8cc941e523c71b07405c6,5,1,6,5,1,4
1646,0x5109455b86277e6894f9de57e2828603dc69f11a,3,3,6,3,3,0
1647,0xcc78987f1c6603a657bc2f12ec58a518d903cff9,3,3,6,3,3,0
1648,0x6701d0dd7d2a0a0d84a088620583f82723c518aa,3,3,6,3,3,0
1649,0x928410314232e4fb1b88c56d129e07810bd81434,3,3,6,3,3,0
1650,0xa8a2aa7200b360e9b76fafe60950a587449a0ed4,3,3,6,3,3,0
1651,0x0af019f112a17a15713d57fcc7e4b8e7f5042955,3,3,6,3,3,0
1652,0x29f1327bb1d97c50ac4b62d7686de154d40d207a,3,3,6,3,3,0
1653,0x21ffb5de6ba0df27958145aed3cd3288000445b1,4,2,6,4,2,2
1654,0x88289ac519efb1cba5f522970e63264a969bed06,3,3,6,3,3,0
1655,0x30f13db19e33ee9f5dd5b4cb257d5dce7453a501,3,3,6,3,3,0
1656,0x9dd69143beef476bea936bec225bc1620e86e9c7,3,3,6,3,3,0
1657,0x30afb364ca451cfe4c697b26f0597414f569316c,3,3,6,3,3,0
1658,0x29bcea763b011806b9f272aed581653f24d58efd,3,3,6,3,3,0
1659,0x0e38bf5d483f67300a8e121bf32034e743c17887,3,3,6,3,3,0
1660,0x649f88b2071b64cc5ad04f64d7057c4182773995,3,3,6,3,3,0
1661,0xbbb9cc1d7353c685314fdeb825ba3bf36ad60a32,5,1,6,5,1,4
1662,0x50ac5cfcc81bb0872e85255d7079f8a529345d16,4,2,6,4,2,2
1663,0x461b826d3c6108a420ac696631dff5a6a425e01e,5,1,6,5,1,4
1664,0x49dc14dd851b6eae8d685715e12a06cc1bfc5d8d,3,3,6,3,3,0
1665,0xa11f0f1c19bac563877290d9040b7101b426d6da,3,3,6,3,3,0
1666,0xf5b5ff17b0adab8006751bd58546a0b25f673c3e,3,3,6,3,3,0
1667,0x2d4ac52084a0681476c11b8239aa789b55952320,3,3,6,3,3,0
1668,0x5a1060269dd97b9b2c4aac5bfa728312370a50b9,3,3,6,3,3,0
1669,0xbd44923f0bae4c06a4170a294c66f0afdb232726,3,3,6,3,3,0
1670,0x192402b1c85bf6eb36914f4efbc5cdd75f1c3ed2,3,3,6,3,3,0
1671,0xb7c62e8e2f3728484cc49734975898980ffc1350,3,3,6,3,3,0
1672,0xd647e101f980897d528a29f60b1d4e794a6fc422,3,3,6,3,3,0
1673,0xf24ea6adb290e4a3f5d0c5da53d328e78dff2789,6,0,6,6,0,6
1674,0x47ba9f86c3fa6e6741bb7c25e88f123644fb75cd,3,3,6,3,3,0
1675,0xb95d990c48db4dbb56a4e1470341d44ea8c4f834,3,3,6,3,3,0
1676,0xc5242634d097b492983dade82eac2e706cb9231b,3,3,6,3,3,0
1677,0x826b1cd5492c57264f342fdf9110294cef0b0b79,3,3,6,3,3,0
1678,0x7d5ced73c18832803dfbe68edd5863f4522bae83,3,3,6,3,3,0
1679,0x24cf76b1afa5e8d945ddf5dbd4f842fd43a779e6,3,3,6,3,3,0
1680,0x10e65beb2a45e01a2692964c3dcb93f951826b90,3,3,6,3,3,0
1681,0x17ffe0b00ff5194827b69e469bd938be59c1b10c,3,3,6,3,3,0
1682,0x855bbfce6880d989c751f1d28bfe6c530303f28a,3,3,6,3,3,0
1683,0xb5ac74c7af505f17b289972467826d184ba1e02e,6,0,6,6,0,6
1684,0x0998e92a430892e881ccc132b0a488ac9b1eda77,3,3,6,3,3,0
1685,0xd33bc431b2ec112bd7718eb7348c45d70b0ddf67,3,3,6,3,3,0
1686,0x0a0aecc73a0883c11d42426a565f9ac904922cbc,3,3,6,3,3,0
1687,0xea7ead46eedc0ebcf5d51f3be40afcc7d47973d6,3,3,6,3,3,0
1688,0x17a3a975c967c70a5fa5c2479cd24a3033f03717,3,3,6,3,3,0
1689,0xd4744a91803f8453d90d1b6d4b3ae8bd84e3b3bf,3,3,6,3,3,0
1690,0x77f28f84e65eb59858027b0d0f3ef573d931127e,3,3,6,3,3,0
1691,0x56ba45bec8eb91be8382b22946c5f709db113c39,4,2,6,4,2,2
1692,0xc3f9f47c48759758a9bcd578f393706e347d06ad,3,3,6,3,3,0
1693,0xffb57ddc67443637802015214e7267326dbfacb4,3,2,5,3,2,1
1694,0x1fbc0904246b83fcab3a38d2e98b452ef543edb9,3,2,5,3,2,1
1695,0x59cf495ebc8cb7f2f114dd934487c563c19b09d9,3,2,5,3,2,1
1696,0x1f1659d4f7495d91971d417490d5196319bce224,3,2,5,3,2,1
1697,0xfb7d005dac4fcdc8b34860c593beb35e8cad7111,4,1,5,4,1,3
1698,0xcb6b63cab98f8085a1283900d82aa8ff5544a423,5,0,5,5,0,5
1699,0xa870271a5193940f738e17f1fa1af4ee28d8fa50,3,2,5,3,2,1
1700,0x67fba2b6bd7218826667fbb535aabda05c989d2d,3,2,5,3,2,1
1701,0xf3d9281fa183b74f32b96e1c5244596045f4ede8,5,0,5,5,0,5
1702,0x5bc5e1b7dabf63dd51a06f6ef56f3df8e58a1e2a,3,2,5,3,2,1
1703,0x99fbfcce1b88b2029d08e10a793be000e3a078cb,3,2,5,3,2,1
1704,0xab3e040ba9c949599ea65e804f8f5facfafde16b,3,2,5,3,2,1
1705,0xf703dfe714ce2f071f48b72a6fcf066a2b721a00,4,1,5,4,1,3
1706,0xeb215e8aa26f62853ab0872c8b5caf2585f41e48,5,0,5,5,0,5
1707,0xf339d6b131ffce3efd11d97e5a50e14a9c238e0e,3,2,5,3,2,1
1708,0x11b4b317755c037b8f6ee413fc313ea6b9d577e3,4,1,5,4,1,3
1709,0xea869669210a69b035b382e0f2a498b87dc6a45c,3,2,5,3,2,1
1710,0x0210798166bc4934ffba40837cad2ff589056ffe,5,0,5,5,0,5
1711,0x3d06f9850b7fa716f77a164230511f568cc1bf44,3,2,5,3,2,1
1712,0xa218d6a3ad14cfbfc96017d5d7bceee1484bd6a5,3,2,5,3,2,1
1713,0xdc95b3863e95d0b2d5203005488476667c322906,3,2,5,3,2,1
1714,0x268ba934067a0df1b21401af6bb09d1756b0d938,5,0,5,5,0,5
1715,0x09a46e66168798af72ce1a3e4a931babf7241af9,3,2,5,3,2,1
1716,0x715f280d07b7d98b00f7eef9e4ca62e9c5dff999,3,2,5,3,2,1
1717,0x02a168020c8f00e13883fdb5584d7d2aca7d11e2,3,2,5,3,2,1
1718,0xdbd8277e2e16aa40f0e5d3f21ffe600ad706d979,3,2,5,2,2,1
1719,0x835b11bd4d299ecf40c0b642a402f758b9bc4419,3,2,5,3,2,1
1720,0xcd4ddf2aed875248d6d586b57146858a71eafc02,5,0,5,5,0,5
1721,0x5a1e2abefcc7f14657d7fc3695ea1190b8236c23,3,2,5,3,2,1
1722,0x0c6306c1ff8f0ca8432b761085d5ce74160a499a,3,2,5,3,2,1
1723,0x34c51ddb3800b3a22e37b8311402d31b630042bc,5,0,5,5,0,5
1724,0xc6a51d6e1f07e470cc4386f4fe295c3b8482dced,5,0,5,5,0,5
1725,0xd4681a1176830427366d2fec84aaf5f04beab2e8,5,0,5,5,0,5
1726,0x0ee01fd0bdb6b449cf343ecafa7116be49b5286a,5,0,5,5,0,5
1727,0x772e483e3e2515c4210ccb8300b800cf01067624,3,2,5,3,2,1
1728,0xfd0a4fc2b070baee7293e48d6f2588564e135e99,5,0,5,5,0,5
1729,0x6a32c7e7391a3e839a6058bb24bb0c091fbb84ce,5,0,5,5,0,5
1730,0xfb664b13d4cd3956b3bb165fd9c8fdf64820df79,3,2,5,3,2,1
1731,0xeb7c4ad7f27f38c5586cc2b113b5f23674c29cd5,3,2,5,3,2,1
1732,0x02936aea4c6e0a4df8f425499f3258aee55dd824,3,2,5,2,2,1
1733,0xfc27c589b33b7a52eb0a304d76c0544ca4b496e6,5,0,5,5,0,5
1734,0x7ea2a1503e2944c33636b556887811bc5b7bf9ac,3,2,5,2,1,1
1735,0x3f26d1fbca12c19c9023e7e66f69a3c0c5524d47,5,0,5,5,0,5
1736,0x67c8b50858dc8d117fd86b6f272c8d2497a547ca,3,2,5,3,2,1
1737,0x448a6e3e4c02df62fc8d9817f9817add26d706d0,5,0,5,5,0,5
1738,0x2bd0b7cf9d6c7c90eb5a224e1c91d85bd1d21cb9,3,2,5,3,2,1
1739,0x0bc51ce78ef9ea1364b81654780d208e5ac4db1b,3,2,5,3,2,1
1740,0x80bb1836506b465dc78bb47e9504260974e3b117,3,2,5,3,2,1
1741,0xe9976c99962cdbb8e599ea878bfe4b67ce229884,3,2,5,3,2,1
1742,0x2a0e1c741e055d7af4213028ccd69fc77299bad4,3,2,5,3,2,1
1743,0xf0739d4bf7cf465e152d066deb86ee93fc598bd0,5,0,5,5,0,5
1744,0xd005d54c53d144021db4841a3425a55bde2e140d,4,1,5,4,1,3
1745,0xb7789ab9f0d568e0aa5469e3cc8eff8682fc8673,3,2,5,3,2,1
1746,0x4d0bf3c6b181e719cdc50299303d65774dfb0af7,4,1,5,4,1,3
1747,0x2a45c51ad0be68790e28d26ac8963497f6760472,3,2,5,3,2,1
1748,0x35d2fc24a1d8b6dc019ee4e0e382ce4d394b010e,5,0,5,5,0,5
1749,0x00444797ba158a7bdb8302e72da98dcbccef0fbc,3,2,5,3,2,1
1750,0x3ab897e1bb140319165a1c4435546365019ffcf3,5,0,5,5,0,5
1751,0xd04b3f8805b0f31b952400130677e006846d4746,5,0,5,5,0,5
1752,0xf6f4b3d80884dcf2e602820622cafc1bcc1f9afe,4,1,5,4,1,3
1753,0x5ba7b33057cf3c512bb6c64de814fb191b681154,3,2,5,3,2,1
1754,0x03251ae9065a02d50230e02b137265157e101c20,5,0,5,5,0,5
1755,0xd8eaa1e8fe9706bc4e487b4eb12300e3b4c8cb65,3,2,5,3,2,1
1756,0x4743109d8bf35816039e5ff330e415096352e655,3,2,5,3,2,1
1757,0xc3592d5eb271e72a77d1af9f407cc7b4a2c8d898,5,0,5,5,0,5
1758,0x660c6e11612cdf5fceb297a84071aff390e13c06,3,2,5,2,1,1
1759,0x8e1f868ebb90749dc6fce7e9f0e147fff59125d5,3,2,5,3,2,1
1760,0xc044282f35f0aaed53c530ee226698ae9cc0ab51,3,2,5,3,2,1
1761,0x42a638af89571046013e7c86c32fb01e95d5d35b,3,2,5,3,2,1
1762,0x5f31df82d68bc9705eeb0febf3fe3b6359ba586d,3,2,5,3,2,1
1763,0x4b5c7beaa0f2dc46a9e573202964fbb162fcfcd1,5,0,5,5,0,5
1764,0x31033a55e9d58affdde7869d2e6fe723b2b0186a,3,2,5,3,2,1
1765,0xca4a31c7ebcb126c60fab495a4d7b545422f3aaf,4,1,5,4,1,3
1766,0xabb5fed8a72b3344f73a609792da0c1fbd82f4c8,5,0,5,5,0,5
1767,0xc18579050eadccd89a4c3367cbad6e3b57a93a35,3,2,5,3,2,1
1768,0x84874aa02db3bfff23e9c6bfad0b6cfc198231be,3,2,5,3,2,1
1769,0x445469b857d64fa63ae7d3af5ee8d66e29b6d443,5,0,5,5,0,5
1770,0x9007e386e89eece958ffa5152cc0a37b2f28012f,3,2,5,3,2,1
1771,0x08eea074e18321bcdf3a2a93e987d74ef9d80400,5,0,5,5,0,5
1772,0x224da03f2e9ef7b84b6bd6f62de6f9e399eac20e,3,2,5,3,2,1
1773,0x42e2564f90ecfe0f9f72322740679b76fe56ea15,5,0,5,5,0,5
1774,0xbaeef83048902fc3a1cfd0a2eae13a86d5ca88ae,5,0,5,5,0,5
1775,0x6b285532d2ab9850dd82c2bbab90f80b65d718c7,3,2,5,3,2,1
1776,0x53b0f91ed2e63797ce770972c388c75ecf95a784,3,2,5,3,2,1
1777,0x17a6df6bd8ff3c46cb73c8fe190cb20cacea7072,3,2,5,3,2,1
1778,0x5f8e523e39ed93fe29d4ec23a1a827fbc374467f,3,2,5,3,2,1
1779,0xc51e4f7ada44ca984cbbbaf035b8c2f4672b751d,3,2,5,3,2,1
1780,0x4f7f3606bcf2a4f805e2f1ce85d9a6d95fa85c6d,3,2,5,3,2,1
1781,0x6032ffefea0346656395b32fae5d06229d4f3026,3,2,5,3,2,1
1782,0x4bc164dd01d83bf1469de86c3562133e9d8f02d9,3,2,5,3,2,1
1783,0x9da423a15a87e145d9daef73f30a710cb4106bd2,4,1,5,4,1,3
1784,0x6b9179dd15b3a23a06a07f4b50ba90c54a86597b,3,2,5,3,2,1
1785,0xfa935e48d9191643eb4805f1f116963c8ea9fbe9,3,2,5,3,2,1
1786,0xe2da7fe4f82af891c3d23a7ecabd1f7d7562bf09,3,2,5,3,2,1
1787,0x72a754cb6371991bd9a0c37ee8a50f083844dbc7,2,2,4,2,2,0
1788,0x2059ae8bbec091bf7199d73e4785aae1dbb72e5e,2,2,4,2,2,0
1789,0xee6dae3adc1e9a4246e8e97b884f8a9c046420d4,2,2,4,1,1,0
1790,0x0efb853c40e9429ccdfe9564626da3a74ca3f5ec,2,2,4,2,2,0
1791,0x5ebfeea6e75775e9757d88e8684b031d7d5e4a27,2,2,4,2,2,0
1792,0xf83abc519e046c5391d219fabf1a3c87dd5924d3,2,2,4,2,2,0
1793,0x88ad44d5e8135c6cde23726448411b05a0d0788c,2,2,4,2,2,0
1794,0x96bbbfdd1efc9982cf06d43ed6c5b3e7bff39674,2,2,4,2,2,0
1795,0x82b78db330b8895ca8948782c04b51ffe2fa1a48,2,2,4,2,2,0
1796,0x47db98965ff692421096a851b9eb6d630b08cb9d,2,2,4,2,2,0
1797,0xcae09389900aa21ef50ab1df2ae9d5f388afabb1,2,2,4,2,2,0
1798,0x4bb06f1e2b6f8eb41619f99175b52b79fb6ac541,2,2,4,2,2,0
1799,0x2994edb60c5fe5692d94e56d11ae43e0807d68ad,2,2,4,2,2,0
1800,0x690225f6f19775c5899fa71defcbd1b2db5711a4,2,2,4,2,2,0
1801,0x2d4c6f468b6e83658916b2121a50e4c6db10af23,2,2,4,2,2,0
1802,0x279ab61ebeec7c354a05caa1878f269105d759ac,2,2,4,2,2,0
1803,0x22c7972ae542e2f8d21bfd3161b3a2a4be33dc2c,2,2,4,2,2,0
1804,0xc0d4a8695f5f7a59d5abb193f14516d0c4ca9257,2,2,4,2,2,0
1805,0x3a4aa2841b72a2c8bf0dd8fae828c1118f5d25e2,2,2,4,2,2,0
1806,0xba1d28a156b69f0e07961e1adfd1fba24f249443,2,2,4,2,2,0
1807,0xe4a84e64f96a2390070ab8b555cb69986490ed31,2,2,4,2,2,0
1808,0xa0936063ef229f5f27c9f2383d98d5483f36524f,2,2,4,2,2,0
1809,0x809f5c3076c14ae3e1b5afb612b2f903b3f01084,2,2,4,2,2,0
1810,0x7a710c6e6807a527aa51afd0401c1d45757bfee4,2,2,4,2,2,0
1811,0x35d1a1629478bf584e70185b78b6e4178690a53a,2,2,4,1,1,0
1812,0x3a250f8ddf4e804383c14587b44efa9990bcc458,2,2,4,2,2,0
1813,0x9ec42cd15b7a6f43b9b298a3255db0c998bc8088,4,0,4,4,0,4
1814,0xe8181f3facb0f27089ac2929c6e4447f65361286,3,1,4,3,1,2
1815,0xa2441786d3702c8c3eb5c9b37ed3c5eb0f96a895,2,2,4,2,2,0
1816,0x8df41db2282b455e9768a927ff22f2c65ad5c55d,2,2,4,2,2,0
1817,0xc4c9f02c57e6403c688e60cc4009f4e5b5f08ab3,2,2,4,2,2,0
1818,0xa59ef3a658e60d1eb9b31c35321158af5c0878a2,2,2,4,2,2,0
1819,0xf3401540fc46725a2903a304464eba8fa1c6af77,3,1,4,3,1,2
1820,0xb89ba51f2e412a2027776c7ad421f25dd71f20ff,2,2,4,2,2,0
1821,0x1437f2916dcae7c433b2fd7ba5c310734e228674,2,2,4,2,2,0
1822,0x36399c00032b61feba19d7c54b49b182d1e4e660,2,2,4,2,2,0
1823,0xed8e67b65207575ba31f8cb9f3fd476e0396ec8f,2,2,4,2,2,0
1824,0x5a04bc1962d92c90b84d773d80910730ac8bbe57,2,2,4,2,2,0
1825,0xc5d5846b013d7929dac053d4030b00047a14dde3,2,2,4,2,2,0
1826,0x1a9b762a62dd15d8e49e950721fa19e67fdb0590,4,0,4,4,0,4
1827,0x6abaa40cb10703e2d137a7ddd5ac1043b86cb4f9,2,2,4,2,2,0
1828,0x06b57259560876e6979b65b27e70eedbce96edf0,2,2,4,2,2,0
1829,0x0122a528c9dcc2cec9c8cbcd7da72beb828d0527,2,2,4,2,2,0
1830,0xd2cae776ce70b18ebe9965c27d305ae72b4ea57d,2,2,4,2,2,0
1831,0x43961f20194c1a27888386f8547b91ac23f9d8ae,2,2,4,2,2,0
1832,0x15a9cc72ec6dfa64ca277efcdb4041e423342808,2,2,4,2,2,0
1833,0x82fe086e1149e41d696d5cabf49e35c88d0ba186,2,2,4,2,2,0
1834,0xe831ee92a14819cea1639f6bc14e632bdde0e233,4,0,4,4,0,4
1835,0xae8a89c737e7423def56f6e39bf4052b112d6078,2,2,4,2,2,0
1836,0x31b4027070cc4d81461f551a08d18bd69d683629,2,2,4,2,2,0
1837,0x23bc95f84bd43c1fcc2bc285fda4cb12f9aee2df,3,1,4,3,1,2
1838,0x6cfae894060fcb1be93bda1e0c91fbed05d3f3c6,2,2,4,2,2,0
1839,0xbf5928c1d26d956805bbbfb6986b445b737618dd,2,2,4,2,2,0
1840,0xad0fc281ac377794fa417e76d68788a56e3040f0,2,2,4,2,2,0
1841,0x78362ea47f1b29a2c7691fffacf4c523ab96d5a8,2,2,4,2,2,0
1842,0xbe984f5d3d6040d57ffc8d7700243e29da6750b7,2,2,4,2,2,0
1843,0x69e66af0a221c73267845563983db174c61765a1,2,2,4,2,2,0
1844,0x4e9035e4081299a7d65d2662fbc3c0ef3148b880,2,2,4,2,2,0
1845,0x2bc7284484bae36fdf3caa92c2c9a406837ce8b1,2,2,4,2,2,0
1846,0x7d8b16eec7bf18952f132606088c0d4b3170cb59,2,2,4,2,2,0
1847,0xdfdcad002082758d50a70033507c47171d8c2765,2,2,4,2,2,0
1848,0x10665581d1ce1ef67593b7770f9fa555c9009c06,2,2,4,2,2,0
1849,0xf0197018c4e24bce46e583b804815cb61f76fe7a,2,2,4,2,2,0
1850,0x0da47666a8311250c7fa713250a828307fe933fe,2,2,4,2,2,0
1851,0x90a02db5abe177477775dfe5bc7202bf0bf2e82d,2,2,4,2,2,0
1852,0x195b0455d974a85f1a121d1f4ac72609672c8f26,2,2,4,2,2,0
1853,0x1ce9ff9e35b27a847e2de6af1c83f09ba3244768,2,2,4,2,2,0
1854,0xdb304855a3cdd53fcaafc125046105d7df502be7,2,2,4,2,2,0
1855,0x230dc7ced8fbf6e17cc455fe5cd84559d2c80b5c,2,2,4,2,2,0
1856,0xa7f71dbb40a67e410860171d287e7b45df64180f,2,2,4,2,2,0
1857,0x0001fc0b945c30389ae805443e38e59a655662d3,2,2,4,2,2,0
1858,0x4d3b50aff8b96bbffd41e262e2033acad15dbe31,4,0,4,4,0,4
1859,0x88762783788268888127de41739afe059460548b,2,2,4,2,2,0
1860,0xb083be39f757a2f9c22b61ea5854495e54ec8bd0,2,2,4,2,2,0
1861,0xfc737768b68b7f8473ded13926d8171c9849fc9f,4,0,4,4,0,4
1862,0xaa0260aa7bfc645edda4ea23a45c1ad9e3b72ef5,2,2,4,2,2,0
1863,0x6fe16f388063e2ec988fcca1c74b079b498dcb3e,2,2,4,2,2,0
1864,0x038a2c957a470373ea4ecf91493bcbf2b4a2ec93,2,2,4,2,2,0
1865,0x38c8db67047146f9b0e6e185aa57eaeb67c6f1ad,2,2,4,2,2,0
1866,0x0b7d81e5dd8b8a5c3a638314e5e31f88045b71e5,2,2,4,2,2,0
1867,0xecf786d2e9dc6919b5c22d6ffe916ae736c9ebb0,2,2,4,2,2,0
1868,0x7f28bbf879907b71d3c5197812d6688bc7333b7e,2,2,4,2,2,0
1869,0x01abb42bc1ebae75c0e6d1e1e81ea52f8ce0467c,2,2,4,2,2,0
1870,0x107bc60b174dc94c401053a7ad73d06fba0404ba,2,2,4,2,2,0
1871,0xf72f0b372ff91faa068dfb8d75d6de1d7e9736fc,2,2,4,2,2,0
1872,0x631860ff48324ebe3720d14dab19b35b8c9bee8e,2,2,4,2,2,0
1873,0xdb8ca0136c1d15ef34d10acf83747a745b67a8a2,2,2,4,2,2,0
1874,0xe59220390455ff6dc6012c21283f995c8f514497,2,2,4,2,2,0
1875,0x00e33366d10d74121e9044fb7aa3803e7e737b63,2,2,4,2,2,0
1876,0xe16c0e1bf3b75f67e83c9e47b9c0eb8bf1b99ccd,4,0,4,4,0,4
1877,0x4ecdecc6a287864edfbfc949d5ec5bbe3ac7fa70,2,2,4,2,2,0
1878,0x6dbce77819492e7ef3748b55ebc8099d55248f5f,2,2,4,2,2,0
1879,0x056563fe91923e1e64b611aa3eb73cca256cc3fb,2,2,4,2,2,0
1880,0x7a777e649f714afe994d393e2614cf801ea14d61,2,2,4,2,2,0
1881,0x9c31f5112faa5f8996562e2a2139988e3db63063,2,2,4,2,2,0
1882,0x1176aecd6a4c18d15629674aef878658051e2f19,2,2,4,2,2,0
1883,0x0374343fb65a9985e15f2a91ed01b79fd56ec3d1,2,2,4,2,2,0
1884,0x53fa0a535da2f5438baeef58b94aba3e3de08806,2,2,4,2,2,0
1885,0x464fd6b8e4dde4352117940a07d7cc93269a77bb,2,2,4,2,2,0
1886,0x0f04060c37e8d2308994ccd45041203a70c44c1c,2,2,4,2,2,0
1887,0x6f15951fe5b50e6bc665a66c222e287682c6b5ea,2,2,4,2,2,0
1888,0xbf4872ed2bb1129784de267feab74d3176309b7c,2,2,4,2,2,0
1889,0x8386c72bf2bb046cf3adcbf632a8b92ca7f216bc,2,2,4,2,2,0
1890,0x067872abb9a5ebb9435bedc994d5e276b82c2e00,2,2,4,1,1,0
1891,0xb8a9e697757b3767047e27c9b1cdaa2a2ef0c0d8,3,1,4,3,1,2
1892,0x450553d08d9285fd13563a79f8dff9ba1517d377,2,2,4,2,2,0
1893,0x67b78c209d6342256e595c951f54b9a46a574f2a,2,2,4,2,2,0
1894,0xe4c4d4b733dbdecbf5dabbd0d48a9f4493d72c18,2,2,4,2,2,0
1895,0x8ef5629ef87731e678c377628f4c4c9a23ec4bcd,2,2,4,2,2,0
1896,0x04315c8380a11449bc2a34719b34cce507492ddb,2,2,4,2,2,0
1897,0x403412099a1a0c56662000cd22adf8b36873f988,2,2,4,2,2,0
1898,0xd95bd9e1591ea59e1114e2085955f31d964a53c8,2,2,4,2,2,0
1899,0x2336e78ad16ca2899c01e55e6a98dacd9f56d877,2,2,4,2,2,0
1900,0x8619ad8b126cc45d78c9d1f04c9cb2451d3e5d52,2,2,4,2,2,0
1901,0x47584f11a998c19dda33d8ca4002fbe892ac899b,2,2,4,2,2,0
1902,0x07740fc92a5c7b3be799f35497150cab6a4edc71,2,2,4,2,2,0
1903,0xbed3c6e86319b2801a1a4b81ffed13192f0c719d,2,2,4,2,2,0
1904,0x176b8c8dd7657a011fcac694364e69cf011980e9,2,2,4,2,2,0
1905,0xaccc8d15b532a21ea5ed2d5888a296af19e5a51b,2,2,4,2,2,0
1906,0xd7232a67f45bc804349422c17b1aa8af9f6330e6,2,2,4,2,2,0
1907,0xd4e657cd3103e391526b77ce5fa1aa2312f44408,2,2,4,2,2,0
1908,0xe42cc7aa6a14698ee9b6dd9b4caf9a6a1b3534e5,2,2,4,2,2,0
1909,0xaaf7a86f75a0f7602e6a663eed01c67d8d98f54b,2,2,4,2,2,0
1910,0xa18040cf6f97b4ffa8ea3d81f0788fed88bfc988,2,2,4,2,2,0
1911,0x9c8ac31625524c9e16cd35b5e40b8e14552bf8e2,2,2,4,2,2,0
1912,0xe580ab95ebe6156c9717e20d513dd788b341934c,4,0,4,4,0,4
1913,0xa764fceba233684fee8e0f74cbad75af35112bd9,2,2,4,2,2,0
1914,0xc6853e7d965ec888c96ab8f014bd61ba7ed5ffff,2,2,4,2,2,0
1915,0x8def9f50456c6c4e37fa5d3d57f108ed23992dae,4,0,4,4,0,4
1916,0x0dec2c1f5825755d90748792392101b26cc6046a,2,2,4,2,2,0
1917,0x2df02c6d19aa13fa9d0d715ba31511bec3e3f834,2,2,4,2,2,0
1918,0xd790b013ecae56e768ed184c45be7894b7f1fc3a,2,2,4,2,2,0
1919,0x2b4cd8a37677f7fe0bb964666861fd481838babd,2,2,4,2,2,0
1920,0xbaa7229f0fc577d39811c6fd0224873d5ec9071e,2,2,4,2,2,0
1921,0x88888fd4661ee3e8378be5d6164adffdaf9927ca,2,2,4,1,1,0
1922,0x0a24c7547dd14be2f502d354afd224b226d177e4,2,2,4,2,2,0
1923,0x8f4f33f822f0a9754f5edee30522ccf97f134f24,2,2,4,2,2,0
1924,0x85fd124867f7002fdbef4b886cfefafaefa2af93,2,2,4,2,2,0
1925,0x18181a21bb74a9de56d1fbd408c4fec175ca0b16,2,2,4,2,2,0
1926,0xf9397346a5a0d3f69a75bd77254ff0716c1cc939,2,2,4,2,2,0
1927,0x2aac4a4cb31cf24863f7495dc42745e84cb469cd,2,2,4,2,2,0
1928,0x9402b3759c8f8f338639566826fe7a684ba143b0,2,2,4,2,2,0
1929,0x302b824c0a3118d80b2de2a581fa74ede22e2045,2,2,4,2,2,0
1930,0x028922106555dd3909f7af0117062ffb6a16b9d8,2,2,4,2,2,0
1931,0xd270b09ecac678943d96ba3198a733ba3e11e926,2,2,4,2,2,0
1932,0x8cf591d5ebe50c530b4fa39f54e7c4508a12197d,2,2,4,2,2,0
1933,0x9d8c0c8fc820c52bc1739a29e2fc15736d5dacb4,2,2,4,2,2,0
1934,0x0dcd8af992cf1e5fdfd070a63df6bb38633de057,2,2,4,2,2,0
1935,0x3cf6f7627452b434880a87d129013af6150da106,2,2,4,2,2,0
1936,0xe58033c43b2cebf368a19b25485ca57843d2fcb1,2,2,4,2,2,0
1937,0x5fb8b0a0117d09a15b8b938302f7fe2bb7a0ac26,2,2,4,2,2,0
1938,0x6bc0931d751711b652e0618b296da9764af73518,2,2,4,2,2,0
1939,0xe527b2fbefeb75713347b3d956303390b5b2e676,2,2,4,2,2,0
1940,0xf1bfceb4dacb6d1b929253ace78bedf91212b152,2,2,4,2,2,0
1941,0x05a2f0eef8c2b4c68e5c0b5801d8fcc1b42b6cb9,2,2,4,2,2,0
1942,0x7cf10f5b6d0b5c9f49dcbe802e7d1aaf0bcf99af,2,2,4,2,2,0
1943,0x3a1c673b603e1bb3162b9a10f083fbddfc9e53c0,2,2,4,2,2,0
1944,0x678e94e3fd84e19da4fa59f0898a109acea86cfe,4,0,4,4,0,4
1945,0xb5b345648ef6e8fbb3e9cd0cea63ab918168de97,2,2,4,2,2,0
1946,0x847fe31c07b03011621bcd8a12b64e2618a47743,3,1,4,3,1,2
1947,0x64955e61ba07098e32dc668e1d6ef45ee74b8afe,2,2,4,1,1,0
1948,0x70506e100f837b1fd4a374f84dd77b3ccd14eb24,2,2,4,2,2,0
1949,0x822834b1f08abfbe1d89d8e60c0f7d310f2e38be,2,2,4,2,2,0
1950,0x98ccf605c43a0bf9d6795c3cf3b5fed836330511,2,2,4,2,2,0
1951,0xef3cb8e8c5a6ad7d33573791158c1f7a75ebcf0e,2,2,4,2,2,0
1952,0x1e260aa603bb36f3927157a157a7a4c9272cda30,2,2,4,2,2,0
1953,0x06d3711d628abb46331721add8576d5a322614c3,2,2,4,2,2,0
1954,0xb09d08065c5685126f7628cd8888670f5e7afc41,2,2,4,2,2,0
1955,0xfb702e95fa231c5509487a9e99156003985fdb9e,2,2,4,2,2,0
1956,0xd91bb1474fbba9069fe72beec398e8689a51de28,2,2,4,2,2,0
1957,0x70df057622aabff9628e93fba470261aa49a272d,2,2,4,2,2,0
1958,0x2aba061571971b888bf1187fa9248b8216718721,2,2,4,2,2,0
1959,0x7198f8a7fa95192c2a52ad5f682dc1acecef6f62,2,2,4,2,2,0
1960,0x5f8d97f2d7f16194e84d560ed3ebc54187f0a1d8,2,2,4,2,2,0
1961,0x7b8e5cf6372167286fc647881d4cb9ec9a6b7b25,2,2,4,2,2,0
1962,0x32c94b760056dd55169ed54d79d0c1c96f620695,3,1,4,2,1,2
1963,0xb357c95480b39cf8d41793ee088c2e21bce537c4,2,2,4,2,2,0
1964,0x39d4cfb24b6431297b62bcff03748f21e2617d7a,3,1,4,3,1,2
1965,0x4d5b6c477ed600cfdbd33d90594f6ddcff8187d5,2,2,4,2,2,0
1966,0x97d2767db42135e1e2a5fd7dd3e11646ef4d2b28,2,2,4,2,2,0
1967,0x9f24b31a187e0edbee71c498681ce2eaa9849903,2,2,4,2,2,0
1968,0xafbcc39f474baf9596c1135522810d5f409dde0f,2,2,4,2,2,0
1969,0x54b1c10fa771b34a9754f7f98eb631dd663ebc00,2,2,4,2,2,0
1970,0xf7aa35ed5971abb038564482d43fcbafb5ed0772,2,2,4,2,2,0
1971,0x62eb1f8a45230be446874b6dfaca6f857876f661,2,2,4,2,2,0
1972,0x05f7ed3ad72a8244206c088718791cc97354846a,2,2,4,2,2,0
1973,0xb158175a03f734b196b9e039a89681d1e6670207,2,2,4,2,2,0
1974,0x1a7440da2baab091e675ef84cdf014747126d2c1,2,2,4,2,2,0
1975,0x7801c1ba42e1e9ae13c0b1c957b01b25312dac16,2,2,4,2,2,0
1976,0xf55f8a71e42c7864160f29fe06c3ee236949f0c6,2,2,4,2,2,0
1977,0xa5283b3a7426923fb035b28d6ae2d48bac8fe500,2,2,4,2,2,0
1978,0xf226c1e45364b76ea32e85542fd0ef4a80926763,2,2,4,2,2,0
1979,0x0e124a7c9b378d7276590b6b8b676a75ff923a03,2,2,4,2,2,0
1980,0x5cc0fce6df7cb18ac19538f401100d267465622c,2,2,4,2,2,0
1981,0x5ffd5cec88490d984d3f83496592b65c1225871c,3,1,4,3,1,2
1982,0xef185d878085455818ffb6758c9828e865699ecf,2,2,4,2,2,0
1983,0xa538345e35edc1ecc4ceeeeb02b1d9f918101841,2,2,4,2,2,0
1984,0xab193431626c43e8483aa2e79b993f5c78b648f6,2,2,4,2,2,0
1985,0x2de5399d2a74b87bf2f735ae6c3fa9bb3619d43b,2,2,4,2,2,0
1986,0xdc69ec80e0eae8fc3a26af908f132f1583d7b8e6,2,2,4,2,2,0
1987,0x462025fd60d1b0a1bb69cbd517249176ff83596b,2,2,4,2,2,0
1988,0x8e877ae5f4b084f98ff66aaf530fd45f8c22cf42,2,2,4,2,2,0
1989,0x9625038df9d4cb55dfd161a46011b283159e41d1,2,2,4,2,2,0
1990,0x1dc7af8739c02b757ac9b3ba92ab561de7e3af25,2,2,4,2,2,0
1991,0x3f47a30180c6fd23c8fcf5a062a08b66ae1c9192,2,2,4,2,2,0
1992,0xad95ceda00d08020c44683a22f5b2e09bf5a3338,2,2,4,2,2,0
1993,0x0000008878718d1fef2f99de1febd03c6c09f4d3,2,2,4,2,2,0
1994,0x634b58342adc1373cb38c49c2c6701ea9e982563,2,2,4,2,2,0
1995,0x34fb5e72a593ec2a3a1fe04eb9a52a3cc48acc18,3,1,4,3,1,2
1996,0x4951ffeec2de4070079c49eed8887a573a330a31,2,2,4,2,2,0
1997,0x50849609447416f1ecb2ed375a264c13ce71b454,2,2,4,2,2,0
1998,0xeeb35b3608f5fbac102e604cbd0bd11bb8c502bb,2,2,4,2,2,0
1999,0xae4d58287f26893de4408aaca69b53a5c05f357b,2,2,4,2,2,0
2000,0x6f7c7db7291aacdaa4ea1d51098845d0b2ee555d,2,2,4,2,2,0
2001,0x475e5fbe12da0c0b16ef7690172de84bdf75c105,2,2,4,2,2,0
2002,0x3d9b0a7ef1cceada457001a6d51f28ff61e39904,2,2,4,2,2,0
2003,0x1a97df91f12a4d2142df4ed64fddf42701c245ed,2,2,4,2,2,0
2004,0xa819c50d511187ce0f6aa352427586d6d0c187f7,2,2,4,2,2,0
2005,0x2aa3209f5694e4562068629888d4a2bbb7e595c6,2,2,4,2,2,0
2006,0x613a0ac4968f042b773880b0173bbbbba2fec6d9,2,2,4,2,2,0
2007,0x1a51d0abb33d2a06c93b448528349e4c7fc6fba5,2,2,4,2,2,0
2008,0x2823d6e92f9eb283201673aa5a97ec559b5c157c,2,2,4,2,2,0
2009,0xe0988847fb63c7aa19101c9c638151dd3f2bfd5e,2,2,4,2,2,0
2010,0xa64591d73c13ba074341838da28d792a3a4ac510,2,2,4,2,2,0
2011,0x6999ed44f7ae0f72e801f6cd4c6b06793dd0486c,2,2,4,2,2,0
2012,0xef330d6f0b4375c39d8ed3d0d690a5b69e9ecd0c,2,2,4,2,2,0
2013,0xf9b06f74c66f0e9e658a0d84dc2d62db3eecf336,2,2,4,2,2,0
2014,0x458de7f3fe41e0af232a548489338de7ea670829,2,2,4,2,2,0
2015,0xbe97d1d2e40e81973be5fe7bb2f61f577130a1a4,2,2,4,2,2,0
2016,0xd67ad007df64de3bb57e14d2e50faac0518a11ce,2,2,4,2,2,0
2017,0x09f422a3acaa9ace6ff073ce1557cca77cee747c,2,2,4,2,2,0
2018,0x097c12019d6220a7ad79d3dda10817ff22bfa258,3,1,4,3,1,2
2019,0x3aeeae90b428a865fddd9c285e74f6018f8cffa4,2,2,4,2,2,0
2020,0x2510332a20a9c9d72fe4f25fda8af889a80f2375,2,2,4,2,2,0
2021,0xc887fadc6baaa8cd234d9104a65b37265522b024,2,2,4,2,2,0
2022,0x8c759953fb0dbf18b73335ddb4e797567a918f36,2,2,4,2,2,0
2023,0x07a7ab734d8471e487dfc58d9bf103e4c5d3653b,2,2,4,2,2,0
2024,0xa918aabf6152b56b97841749aafa1b718a1b931f,2,2,4,2,2,0
2025,0x5762da7e23023d0e709e27c67317e87b59cbb1ab,2,2,4,2,2,0
2026,0x36d8d14f768ceb3c63ea4c508d393232fb75eff4,2,2,4,2,2,0
2027,0x5b362a0608b086442d8bd84470daafeb605b8e4b,2,2,4,2,2,0
2028,0x9820d17f52090ffa73331cc17c27798a3dad8e0f,4,0,4,4,0,4
2029,0x5f3f1612625bdf98fcefb40a741b661c39ae15ba,2,2,4,2,2,0
2030,0x6777b3f2b46abe5c3848175abc6b67466c955783,2,2,4,2,2,0
2031,0xde344a8dc5fcbe8233556aa0a06f43bab6ad9746,2,2,4,2,2,0
2032,0x1668c9725e27bf5943bbd43886e1fb5afe75c46c,4,0,4,4,0,4
2033,0x2157ab1e958da28d79d7602ed2cb391e263ef7ad,2,2,4,2,2,0
2034,0x93c190820b0f60513c200bdb2a45940dad7d9f2c,2,2,4,2,2,0
2035,0x68ac2b542bf5577f42a4e94901657abd04a65e42,2,2,4,2,2,0
2036,0xdc9f7bcbbff57ffed8494e97af6f65b29313d835,2,2,4,2,2,0
2037,0x79aab68ea04b5e0886d8e33748938ed4a8915e5d,2,2,4,2,2,0
2038,0xe4a396ac6e20bbb116a90ba6b6de1742d8f1c7af,2,2,4,1,1,0
2039,0x209dac717d8b54e45bf8cd20a3a17a801fa621c6,2,2,4,2,2,0
2040,0x000000000077cdff30a1b5d7c12f3587f921e519,2,2,4,2,2,0
2041,0x907147b0eaa103eb1075362f7cc7f94bed578ee4,2,2,4,2,2,0
2042,0x6f2a9d69d56c6045cd8563114c8388b38ea64877,2,2,4,2,2,0
2043,0xf21f7adb8c3771888e5ccec9658b231f042169d7,2,2,4,2,2,0
2044,0x5baa0866e4147de014698845b298b4f689cfd1b0,2,2,4,2,2,0
2045,0x19cdf8865cc9bd5f77eda706888e7636539bd1e9,3,1,4,3,1,2
2046,0xa80974441db857456f3205b9f1ca17436fb7128f,2,2,4,2,2,0
2047,0x89e2a574bddb193ee5650cc59c8f17b46f18f5d7,2,2,4,2,2,0
2048,0x1c2f4e6f6ea7aee8b11b5f46589e958f51647c07,2,2,4,2,2,0
2049,0xc8c57c976c0b91be4a86f6ec170798e13fa52d48,2,2,4,2,2,0
2050,0x44017e3f9b5828ba3e9de9291c8143c285a42ff3,2,2,4,2,2,0
2051,0x7d1d40208a5d5fe82ea3f1fa4b2c19983007976a,2,2,4,2,2,0
2052,0xc5bc0d7d0f281b056a7158fef99ad9a606b53511,2,2,4,2,2,0
2053,0x27eb78c1eade6fc040d25b94e7acf6bbe0689f0a,2,2,4,2,2,0
2054,0x7b04fab31b0447488078d052c89540ea07364b54,2,2,4,2,2,0
2055,0x823dc685e777a7523954388fa7933da770f49d42,2,2,4,2,2,0
2056,0xc734abc7a7737de1ca7bf81c4dc8612bf1887b54,2,2,4,2,2,0
2057,0xfe2a4e705c00ea9b5a46283ec6d6f694d5ccb60f,2,2,4,2,2,0
2058,0xf230e8a67decbd43209d97733444790252bbc6e9,2,2,4,2,2,0
2059,0x08ee24d316768d033bc596876aeaea2ac8742c5c,2,2,4,2,2,0
2060,0xb272eb6b4cf78578912a67efae594350ebab10e1,2,2,4,2,2,0
2061,0x14b889b25e70f60d8dc0aa5f10c83680add61351,2,2,4,2,2,0
2062,0xd2df7bc5e98aa6e5f8d3a43efdc138a1f9a0fcb6,2,2,4,2,2,0
2063,0x7c7216f16e81f2cf68269a2e3c24b4123b3da2c2,2,2,4,2,2,0
2064,0x649b7fc5c062febcc9d8fbd9933ab5e06c4f9ad3,2,2,4,2,2,0
2065,0x9ced79a0ae7bd686118fbee9facb10a3f9d32234,2,2,4,2,2,0
2066,0xea2e26f56b60a397062686cf04a693a6828d0aca,2,2,4,2,2,0
2067,0xf2458bd228d8a39b64bd3b9f84890e957cac3bbc,2,2,4,2,2,0
2068,0xa59cd6fe7c35dfb3d71b450634b6e3e7091edee7,2,2,4,2,2,0
2069,0x10658f63d96ed25a655927b0fe7e731a0ce000f6,3,1,4,3,1,2
2070,0x1dd59b3eca6dd4709b5ba26ef2064ed71dd3b977,2,2,4,2,2,0
2071,0xe66ae95575349194bb1621e2adc09975d240c784,2,2,4,2,2,0
2072,0xcbd38467f5811d91a053cbf63853162c66bf57e6,2,2,4,2,2,0
2073,0xfc0a1921c05240fdca5781d0980bd42c9ceca416,4,0,4,4,0,4
2074,0xbfd97fd34e0626886999c04b05973e5e130725a8,2,2,4,2,2,0
2075,0x16d9fd80d8e3f055ba7793794e811712dcbdd9c2,2,2,4,2,2,0
2076,0x8e29bd6cfb65d1db0d29d32f5d49d4ca6c1c7223,2,2,4,2,2,0
2077,0x72c2d021d9f044862557750d146b70aa15df4d26,2,2,4,2,2,0
2078,0xf8fe8c179c5d2a059ce64357795647a95cbd973d,2,2,4,2,2,0
2079,0xbd6ebc277890dbf41283427f64b568906d5a96ec,2,2,4,2,2,0
2080,0x67d988a028b009142bc7dca454a0118e2eae908f,2,2,4,2,2,0
2081,0xb1328d7b0f83df4992c66d9fe43c40a943d4c1f1,2,2,4,2,2,0
2082,0x1999a42a52a074ccf7ea6262696c2231515b1119,2,2,4,2,2,0
2083,0xfc9b9ea77d243e7abd17c751effc1000c4f0de1b,2,2,4,2,2,0
2084,0xf08680536213080fc7e7a9d66ed75c8cf831cba8,2,2,4,2,2,0
2085,0xe8d03ac271fe20db0e2e73fc12650d91dbc1e231,2,2,4,2,2,0
2086,0x56c0f1cc5f556084173d1da4b41b2f2bc22e4aa2,4,0,4,4,0,4
2087,0x89b0f9cb8e58c5113d69995f144e5f94e1243ba1,2,2,4,2,2,0
2088,0x0d17ec627616ee98053f51c37c20ed64bdb8285c,2,2,4,2,2,0
2089,0x4d22a1904238df737aa944fdb149b76297e0fcfd,2,2,4,2,2,0
2090,0x6dd1e0028ef0a634b01e13b2291949255610b38f,2,2,4,2,2,0
2091,0xfd478a4acf62bece76f834eb2ff4e0926aba39ef,2,2,4,2,2,0
2092,0xd11d797e82a06d6e0e0f3dbdf025fff32390b59b,2,2,4,1,1,0
2093,0x833adf2d97a72565d63ea42eb4af0a1bad6accfb,2,2,4,2,2,0
2094,0x01fc018a4bb512de436630f72a52db8404991eff,2,2,4,2,2,0
2095,0x74fa1be357bc182c88ba77e771a5502e2b271f1b,2,2,4,2,2,0
2096,0xe83105d4e5b144e388d7d35c65c44e0da8c8016f,2,2,4,2,2,0
2097,0x44d816f29930b5947e69f73d688e06445f936410,3,1,4,3,1,2
2098,0x4dcb55eb77567fb17ce1df590b67642e4bf5eb3b,2,2,4,2,2,0
2099,0xc0eb311c2f846bd359ed8eaa9a766d5e4736846a,2,2,4,2,2,0
2100,0xfef5c1cd156902c3232d203c35d7434c47f55b27,2,2,4,2,2,0
2101,0x3ec639b2d20aa4c6b349a10a04c8f4d32694b0d5,2,2,4,2,2,0
2102,0xda3c325ab45b30aeb476b026fe6a777443ca04f3,2,2,4,2,2,0
2103,0x74b1fb056114900f9a4557e6fc982b32cd687fbd,2,2,4,2,2,0
2104,0xc743288b9031e27e75d3ff4dec5b29238a64193a,2,2,4,2,2,0
2105,0x91abc044fe2acf92e16eca2eb626df2617d1d289,2,2,4,2,2,0
2106,0xf4205c4716c1ba07838270989ee55ab5eda57276,2,2,4,2,2,0
2107,0x14bf39f01df9daf35fca15804254828e48c7e283,2,2,4,2,2,0
2108,0xba15e9b644685cb845af18a738abd40c6bcd78ed,2,2,4,2,2,0
2109,0xd37974f60facee171138b0b2d9c36e97139ed8d1,2,2,4,1,1,0
2110,0xeb878d6728cb326360049fe1f14e3f48b4ffafdd,2,2,4,2,2,0
2111,0x53bccade635ff1ed978e035d4e27f205df7fe259,2,2,4,2,2,0
2112,0x614b7de7a18839489e587157d4a44e939a1bfbe7,2,2,4,2,2,0
2113,0x11242a22c337b89a9e3975a8e4343c288d3c43b5,2,2,4,2,2,0
2114,0xcd468d6421a6c5109d6c29698548b2af46a5e21b,2,2,4,2,2,0
2115,0xb6409f5db36f70eed4c708ad2fcbe1f5b65a6a33,2,2,4,2,2,0
2116,0x52ca1cb9fc6fbd1cfe5630e74de8738b517a367a,2,2,4,2,2,0
2117,0xbf801cb0e395138308f56ca0a910a8a40c64d16e,2,2,4,2,2,0
2118,0x21a6e3eee52b6cffaa598bcd752f846c2c763bdb,2,2,4,2,2,0
2119,0xf628999967684fcd135666cb26a0bbe1b35a9d9d,2,2,4,2,2,0
2120,0x95e08195f29a8652ae2e56fff0023bc712752ad9,2,2,4,2,2,0
2121,0xb9b6ad5ca85b86deada2e1c7e14d1a53804fa2e6,2,2,4,2,2,0
2122,0x3957d3b89cccc77e75df6e3d137d6bdc8852b000,2,2,4,2,2,0
2123,0x72c90bc48ee8ba35bddfb6287c0b5fdd3e25ed96,3,1,4,3,1,2
2124,0xfa84ee7e30a6780719876ec5d8a9640f0263979c,2,2,4,2,2,0
2125,0xf1ef5027ab4977104d0f033ea26b0ae02c494f83,2,2,4,2,2,0
2126,0xcf7299283370461f8629115737c4bed1078fefdf,2,2,4,2,2,0
2127,0x08330a0df93e4fe00a73dfc52922f5ec4805aede,2,2,4,2,2,0
2128,0x7a73b3cbd8261bde6bb55776c2c14fc2857a7f07,2,2,4,2,2,0
2129,0xb5a288192b9d2c01283a636703f99bb9843d87c9,2,2,4,2,2,0
2130,0x4258507e0ae133b65fb19af12da1b9ab321e7dfd,3,1,4,3,1,2
2131,0x1bf25df0ad7f1ddb3c073546b0148f101a985205,2,2,4,2,2,0
2132,0x6542e576a846dca12e5715f4065f0785f0611d1f,2,2,4,2,2,0
2133,0xb97167440c95fd6df9053b813855d5bdca557409,2,2,4,2,2,0
2134,0xf70bd5596f83110208db05b413ff8ed907cf778f,2,2,4,2,2,0
2135,0xabb53d71740ebce725c4871fb4df808606e81730,2,2,4,2,2,0
2136,0xeca345b5c749b8a9299b154fb036020e13394eb7,2,2,4,2,2,0
2137,0x6bac9ead71e99324b636b04fdd8c3a920b3fbb88,2,2,4,2,2,0
2138,0xc15ab8dd7daeea5f1aa3b56507cac8a877e21b15,2,2,4,2,2,0
2139,0x5f55ecf93ca791a62e069fac84ddd86ab84142b3,2,2,4,2,2,0
2140,0xcf7fe7dc6f83bed3358b06970d03d5148038585d,2,2,4,2,2,0
2141,0xae418379ab3290b0029aa75926edf2db03e662bd,4,0,4,4,0,4
2142,0xb24293f00f490e027990ebb849ec4b35bde13013,2,2,4,2,2,0
2143,0x6f50f30e148b0aec9a10706b2784fc596136384c,2,2,4,2,2,0
2144,0xad7509d9d2c4e74aab14fbbd8a2ce8625ba2291c,2,2,4,2,2,0
2145,0x8652d309a219f1868c0c671214f3b9c172c54ea1,2,2,4,2,2,0
2146,0xf54611a627afa7c00a58569932554372dd3f4b3b,2,2,4,2,2,0
2147,0x96d080ee2a7700ffc31c742a09ffdc45da70164a,2,2,4,2,2,0
2148,0x0b988564f84dd42c0277726a46328831b2c04bd7,2,2,4,2,2,0
2149,0x65048822a3b1f635d3073dca4499ff5a9b342f33,2,2,4,2,2,0
2150,0xe1e2e153e785118fa7b50e93e6b8cf887f025bc7,2,2,4,2,2,0
2151,0xffe5722ece6404d5811061bb6643c8e659df0416,2,2,4,2,2,0
2152,0xed6633fbde72bf3cd8f9724b27c931a40bca0eb7,2,2,4,2,2,0
2153,0x9d2bd4b6b953495bcd542f001f2052b6b7a8de73,2,2,4,2,2,0
2154,0xea9bb67f3c9561642f018e8569ee157f5c4c5ac6,2,2,4,2,2,0
2155,0x55047f03e5fbb92d50ca8c128c38488e80b7d152,2,2,4,2,2,0
2156,0x48ba29debaa92bf8d692fa8fe4d45ce6fa5a6778,4,0,4,4,0,4
2157,0xf3c7c2603bb7689d98d727769517b585d533ed57,2,2,4,2,2,0
2158,0x47fe95e2b5cb6ec0cb8334d5ecef25d295c26555,3,1,4,3,1,2
2159,0x81286a65bab07528a9f76f5604f3d6855f20a49c,2,2,4,2,2,0
2160,0xe75e8edd392a6779ad8ec63e77c78621c3fb21cb,2,2,4,2,2,0
2161,0x614b4ad8e86f46c1b23b7bb927661eb3339022d3,2,2,4,2,2,0
2162,0x5bae2a4e9fc9f0c8e4ea60aaeb668d51a8b40bcc,2,2,4,2,2,0
2163,0xa112c04e61b85606654ca3ab411b8c276b46888a,2,2,4,2,2,0
2164,0x2d2fe706f0e7633eb42907f6f0ed0aac89ca772a,2,2,4,2,2,0
2165,0x42edeb15e0883a9c00e551a40c2755338f4cb4ad,2,2,4,2,2,0
2166,0x173a2879928cfbaccc8be5f2bece2b5f91eb411b,2,2,4,2,2,0
2167,0x0f93735a5658bad11277c22828b4ccca384ce7b0,2,2,4,2,2,0
2168,0xb1fc41cbad16cafdfc2ed196c7fe515dfb6a1577,2,2,4,2,2,0
2169,0x60ff4e51f319bf78e722b4fd293c23e7d3b9bf79,2,2,4,2,2,0
2170,0xdb872ef82e871b4224f13740c6132dd6e65b6735,2,2,4,2,2,0
2171,0x504e7aa505df88645ca723c139fb1f6f9a3230a6,2,2,4,2,2,0
2172,0x5745c4a3b0ecbca1a850818a2abc43d257264528,2,2,4,2,2,0
2173,0x760c8158e2df2733b56244908a70819f792f9079,2,2,4,2,2,0
2174,0x10d2e3d5d76154c985ed15241bc885e284c88829,2,2,4,2,2,0
2175,0x6c32ae11056885ee17a57eea1ca0a1d1387585b1,2,2,4,2,2,0
2176,0x4b87c6377bf9c35f01991303a7e16a7e20665ca8,2,2,4,2,2,0
2177,0xec6fbb231d6d80dc18c9ae3bb64cfe0548ee7ec6,2,2,4,2,2,0
2178,0xfba1f5424f16f52378f856b52d11bf13952eb5e1,2,2,4,2,2,0
2179,0x6545350d8aa85f46a39dcb64a29e69391d9922b6,2,2,4,2,2,0
2180,0xcf9e3d5e7f5f7370d1d99f630042ead84c840de5,2,2,4,2,2,0
2181,0x376c5bc0f2964c1deac2233710619b49fb59c220,2,2,4,2,2,0
2182,0xa053dbafba05e307a7bddede09c7feb235dc34b1,2,2,4,2,2,0
2183,0x72f8fa2f276006f31dedab47838dd6c09c263a62,2,2,4,2,2,0
2184,0x42966eca78129e60b3ac05890e924c8af21b899c,2,2,4,2,2,0
2185,0xdac450660ee208727f4a1c2b82ef4e6104d96f05,2,2,4,2,2,0
2186,0x45fb9e80b8f923eb2b836e9b871a7c556477b63a,2,2,4,2,2,0
2187,0xb618aacb9dcdc21ca69d310a6fc04674d293a193,2,2,4,2,2,0
2188,0xb66df7e12d14d72429bdee51049f7ad512ba5838,2,2,4,2,2,0
2189,0xc674e7d16e6e5defc599f250fca70c2f9b37ae34,2,2,4,2,2,0
2190,0x23d6e4977569a4ec378194eea3bc4c9c85bc7f58,3,1,4,3,1,2
2191,0x4542f699390b2ca749e1fe32c649b3371f513553,2,2,4,1,1,0
2192,0xb05b214b21801c18b40be098782f32970d29cea1,2,2,4,2,2,0
2193,0x876eacd9f0f12cfc9e06d9a520f6af04aed35e81,2,2,4,2,2,0
2194,0xed04d3792c439b8af827b3e46ee626827de53db5,2,2,4,2,2,0
2195,0x7755ac0030a92dc78f9990924bddf6f6a2182408,2,2,4,2,2,0
2196,0x9d20b912e8f66486cdf9ce02c20647c7153d65e5,2,2,4,2,2,0
2197,0x208a902eaa36e742e5e248b545e967138df23f00,3,1,4,3,1,2
2198,0xbcfea7c894cbd0cf5fe654559268f2eb28c7c659,2,2,4,2,2,0
2199,0x77d74a7611db43241e25c65888e6a26fa69019a1,2,2,4,2,2,0
2200,0x97de65d1757ce193f77e5aa0b9c2437a5ebabe45,2,2,4,2,2,0
2201,0xca077a26544657b08508e1f02236fc10bac86bf3,2,2,4,2,2,0
2202,0xc13456a34305e9265e907f70f76b1ba6e2055c8b,2,2,4,2,2,0
2203,0x20dbfe1a1d043898effc61f5341a03d9ade13f87,3,1,4,3,1,2
2204,0x8f93bc9b03af575c57fcead06eb31141aa920530,2,2,4,1,1,0
2205,0xa685c9f4d20841dcb94b94e886176c6118613ff3,2,2,4,2,2,0
2206,0xcfc974fed980a350d1881d435a3ea964db90639f,2,2,4,2,2,0
2207,0x9a2a4be8f7c8bbb65dc23f0227f4bc791082e1e4,2,2,4,2,2,0
2208,0x39bfba85dcaa12063ccf7d8e709f58edd98be06d,2,2,4,2,2,0
2209,0xd66e921a3a24c1e6e113964ca291836c5f563bb4,2,2,4,2,2,0
2210,0x03bd1586c6ff6f330564a0f8a236a503bee979c6,2,2,4,2,2,0
2211,0xf1b98463d6574c998f03e6edf6d7b4e5f917f915,2,2,4,2,2,0
2212,0xf8c315959fe4682d4a43355a52d4e8c4d93525c7,2,2,4,2,2,0
2213,0xcf02aff3cc6302cf5fb3df55dcba6e78c6fba2e8,2,2,4,2,2,0
2214,0xc3ab4f4451d65299540242bb8ab3c2c65154b3f6,3,1,4,3,1,2
2215,0x408edbcbdd9e7538ddfeaa5da4596e01a3030a57,2,2,4,2,2,0
2216,0x6a4cf3f1ef9d0a369d47a949acebf8ecc443c575,2,2,4,2,2,0
2217,0x7b3c26e2f2eb7ff5050bf77c8c0ed435d8e7bcb5,2,2,4,2,2,0
2218,0xd6e8ef410426fb7e7b6cef53add8b6e1a59baab6,3,1,4,3,1,2
2219,0x327c86581e15d6a72207e655216938ef10c78999,2,2,4,2,2,0
2220,0x1002f4b2a88806c1245c943e8020a42a7ce41698,2,2,4,2,2,0
2221,0x7c65ee47e8b72db7f4b963cb998c953be6bb4c2f,2,2,4,2,2,0
2222,0x8f86570581c1114a8a886117a8a30c77a6ffbc80,2,2,4,2,2,0
2223,0x81fc192f52c9087319df6c7713fee685d6772195,2,2,4,2,2,0
2224,0x653f22efdccda2d12809af198bb1caaffd2ba110,2,2,4,2,2,0
2225,0x89f66b620497230f30d505743bb739f0ef993081,4,0,4,4,0,4
2226,0x0f70b20b21a0d38b0a4bbfb20ffd79f74becab41,2,2,4,2,2,0
2227,0x6589a8fd2e27a176b06a05464748125de6dde821,4,0,4,4,0,4
2228,0x3479bb56816b2822b208f7175ef0d33990025c89,2,2,4,2,2,0
2229,0x4103a69d709b9a9b4d2c50306f513fe9fc4a8995,2,2,4,2,2,0
2230,0xace27c92406820ecc845673d6828a8ef881fc103,2,2,4,2,2,0
2231,0xe6a28717e7a977cc334b2a8ac2a844789b5d8023,2,2,4,2,2,0
2232,0xef575844bfe8c7872a8ccc9fb2af8318c1550fad,2,2,4,2,2,0
2233,0x3f7fbbd4b68be44aaa82d57eeeaad8993e8d9458,2,2,4,2,2,0
2234,0xced4f3813763b7e0e93ba010bf7982cc6e190ffd,2,2,4,2,2,0
2235,0x8e09518fa8d9780968cedc9ce3d3c3856d2a9f59,2,2,4,2,2,0
2236,0xc6b797fde66e42648957aa6107d001a72696a6c2,2,2,4,2,2,0
2237,0xdc8b3435f88713e792584ba97d33d99f835a31c0,2,2,4,2,2,0
2238,0xe6a9d0539fabe0fda237c3c4bafeae2042b06e67,2,2,4,2,2,0
2239,0x75a76f03ec42ba9497e6d0da8249e18f184c7293,2,2,4,2,2,0
2240,0x2c359478b769c8963ca0567d6785c1984de07487,2,2,4,2,2,0
2241,0xa66eff1127f7ec4006d5127ac6c6d2a8a911f04a,2,2,4,2,2,0
2242,0x3a96ac284d6619833f5320ab25356a8a7d011a6d,2,2,4,2,2,0
2243,0x730674bcbc896a72f36acf49ca80966da348af3a,2,2,4,2,2,0
2244,0x44dc5deec2d2dfe138cef0e7be6fe36a972b53c3,2,2,4,2,2,0
2245,0xc5b406a94039c6a05425ec15a88f625c87c571bc,3,1,4,3,1,2
2246,0x381a5a8fc76809462dde80c372bdea454840a22b,2,2,4,2,2,0
2247,0x9f686b113087eed11784e599800b331150580239,2,2,4,2,2,0
2248,0x0700d8a9c0b225946b60f8d24661878caa6683a2,3,1,4,3,1,2
2249,0x4b7980026dce5b058b7e14bad9473f3591ed8a0d,2,2,4,2,2,0
2250,0x617885c90888a82bd57b037a23144b1ce88ec0ba,2,2,4,2,2,0
2251,0xcfd530c719141f99eda125d1b9a9c93f6440ac0f,2,2,4,2,2,0
2252,0xd9d836ebc67abeec65b29e586f89816dab991f69,2,2,4,2,2,0
2253,0xaf40a7e2a0c5a370f474ac0d27d3293647625027,2,2,4,1,1,0
2254,0x0ef8296c36b7acfd82f0b8d35a70bf43e8d23bd4,2,2,4,2,2,0
2255,0x36864bbfad26445c4af10fc8961a9cffa0f46e60,2,2,4,2,2,0
2256,0x80af642e4c1e48a62fadf20dfe56b6c704c145de,2,2,4,2,2,0
2257,0x988e5b0e51cefa0908b84c024b6ab9472b0bbf1a,2,2,4,2,2,0
2258,0x1af6ca804bc0d7977a511c2fe3eb6adc2fd29804,2,2,4,2,2,0
2259,0x08a4f7c5b0021ca15d65e410b22825aadc84aba1,2,2,4,2,2,0
2260,0x9cc6f32a01f695d9911b20d47c60aa51301bcd45,2,2,4,2,2,0
2261,0x73197a87e6b653180c1e6489a44e88fd40427427,2,2,4,1,1,0
2262,0x9a2f30267aceb598f587ac4f0ce58864c446c275,2,2,4,2,2,0
2263,0xe622d9314b1d61a68f6b1a890ac8522fde6946c7,2,2,4,2,2,0
2264,0xa25a7d0d63b30df35a1a73239baa52ca69d14fb3,2,2,4,2,2,0
2265,0xcc667b6f351a5c6fac791fdb7bebb30d8f50ab09,2,2,4,2,2,0
2266,0xd4c3b2c29bb06483413a5a6d6d5cf3e22d04d349,2,2,4,2,2,0
2267,0x9e575c86934b02fdd30a537e2d6ff0761b81711e,2,2,4,2,2,0
2268,0xafcd5729ffb768742ef6526bac804b8a12f5f56e,2,2,4,2,2,0
2269,0x5c2d36cfe3a183c411034db248f29406c7249365,2,2,4,2,2,0
2270,0x818f930f23f2f8a20ca863d302e51e85fe487d61,2,2,4,2,2,0
2271,0x801d5dfc1c56435121d7ebd40996d620b63e0552,2,2,4,2,2,0
2272,0xcfc27b737a117deb845f9923d284c4bda18fb5ac,2,2,4,2,2,0
2273,0x6c1d5c30088a4b18e66daedc6ca9c7b7277856fe,2,2,4,2,2,0
2274,0x6c28b3116ac196209bb6bdfdd813fc491372d009,2,2,4,2,2,0
2275,0x6abb3e6639b1ce3c7ce63f5a7046444407d154fd,2,2,4,2,2,0
2276,0x891e87c3d47595f677055ae01a7ec2df2365c559,2,2,4,2,2,0
2277,0x9d528bfdef21538303a59d5284801299ddf64e37,2,2,4,2,2,0
2278,0x27407cadad03b2194f96674cf8cfab5121f09248,2,2,4,2,2,0
2279,0x05d7b82ee43c5fec11e12af6c2e8143a3adf514c,2,2,4,2,2,0
2280,0x5fc7bc772447efeb988d244ca2343c966b1b0c02,2,2,4,2,2,0
2281,0x4326275317acc0fae4aa5c68fce4c54c74dc08d3,2,2,4,2,2,0
2282,0xbdca50c265c155ce3e7cf340daf7d8f477ba4c9a,2,2,4,2,2,0
2283,0xa766fafe4ec445a28f5aa0d9f67f0480d1d7c48a,2,2,4,2,2,0
2284,0xb83c10e1a1a713f60ce847528d44f66acc767f05,2,2,4,2,2,0
2285,0x3cd9b8a61b96f7a95f039840aecbb696eadd6f44,2,2,4,2,2,0
2286,0x120729a1e737e9ec8ef56f3afc19705cacfc2447,2,2,4,2,2,0
2287,0xbe3de464d2043784fa575110e65eca42d4013c59,2,2,4,2,2,0
2288,0x3e516cf3c9d4f29fae6c1324c2414dc872fc9c09,4,0,4,4,0,4
2289,0xab4ce2a08cbea809692218dd7841f681b80069a9,2,2,4,2,2,0
2290,0x4c217049d0eeb70b2b6b57312cc11d2a13b5744d,2,2,4,2,2,0
2291,0x8d6f17c8d2530ef7f080a36a31b8aec87aa344fb,2,2,4,2,2,0
2292,0xc1f7b05d2bccf5b1f32e86f3d30736f45dae8ad8,2,2,4,2,2,0
2293,0xbde70adfd16ab60f7307787c97a8fe959a80827a,2,2,4,2,2,0
2294,0x7529cfdbb3f2a2409332c330fb1c483363964608,2,2,4,2,2,0
2295,0xc955b99cfa93673e04666e4d77128d1d809a9fa9,2,2,4,2,2,0
2296,0xfe6a32d36f7fc1ad36e8607da52d2e9b3e8ab06a,2,2,4,2,2,0
2297,0x2acf5053b707a4fc7d568f98fe8161aaa4e74cc3,2,2,4,2,2,0
2298,0x8b0062a08b6c238935f5f12c83dbcfbbd4b84ff4,2,2,4,2,2,0
2299,0xa5d3876fa6ae5d6b39c812bab8c3bd0d61849db8,2,2,4,2,2,0
2300,0x626e99ebd725f12cbf3e8532e13e98fcb3c97420,2,2,4,2,2,0
2301,0x98754a98fee4172a3aa0588baec0495ac16792e9,2,2,4,2,2,0
2302,0x671bcb933df2fa29a7029d8285687bae2e6ac527,2,2,4,2,2,0
2303,0x975d07636e8ca4d78f77ef86cdbd5f8cb3923b8e,2,2,4,2,2,0
2304,0xd3e7183f85af100ebea219a8b831548360096639,2,2,4,2,2,0
2305,0xc30da58a3b2fc75d0a5da5e134420a6f97fc0f2b,2,2,4,2,2,0
2306,0x7e386c63d70c3c5fb62b320225f16f1a1541dcfc,2,2,4,2,2,0
2307,0xeb197b76f320c854bc18dbf62bd33a28663abeee,3,1,4,3,1,2
2308,0x29f7ec2bef88eaf2370096d3559e9fae8984622c,2,2,4,1,1,0
2309,0x1c69e28c38ff6c3f5dbc2e6776264ea8215d0fe7,2,2,4,2,2,0
2310,0x6ba6428302cd31a6714971f17e290fc24f06957d,2,2,4,2,2,0
2311,0x21859c6b23c4313b63b89e6ef3c0c6c7d86969f4,3,1,4,3,1,2
2312,0xb0bb3a58a6b3a38337403545d2bf3a71fb0ab1d0,2,2,4,2,2,0
2313,0xce719191f22db9498250f37672bf3f421bd42c41,2,2,4,2,2,0
2314,0x02aa96e8d266cee1411bb2adb4d09066f2e94489,4,0,4,4,0,4
2315,0x2771e3d74ddfc61699b773c7d845b57eadccc5fa,2,2,4,2,2,0
2316,0xffa899ece8314b988e932b31e6b2b250a3d24b1d,2,2,4,2,2,0
2317,0x213996f4d1a2c05dfe0b47f4cb43b56c013943d6,4,0,4,4,0,4
2318,0x0af8c4df60a5c5f2563d8221e009ad453f3b9ee0,2,2,4,2,2,0
2319,0xf15a77c076c2ac05da9e5ce7c46aeb29af3c3c03,2,2,4,2,2,0
2320,0xc6ab6cefeba2f1a135543f14b1ab73710e002a68,2,2,4,2,2,0
2321,0x5757e460a8e67bf2ff3a5e1723af5aaf9adc4aeb,2,2,4,2,2,0
2322,0x074afbac79ab82bd11b69037b8241dc5d292bce6,2,2,4,2,2,0
2323,0xb699708db8e7f6015f11d5876737109c9935b9ca,2,2,4,2,2,0
2324,0xc1de4078d7e5dc43803b0e444526b990b6b59fd2,2,2,4,2,2,0
2325,0x9ffae5caa64c33549122e5a68140abe0c4192a9a,2,2,4,2,2,0
2326,0xd1762d9c571538d5dd4830ef2095b3f71e0c17c3,4,0,4,4,0,4
2327,0x31e218d6f87c4558eeb1e1e2daa5d207e9c8861e,2,2,4,2,2,0
2328,0x37109a12a5b95dfca9b4f52797b6083b17cfad83,2,2,4,2,2,0
2329,0xefcdb2647f4ca727dcd19e62a5f847339510ccdb,2,2,4,2,2,0
2330,0x0d74893e945bdd6ed2c6936f41ae8769e719adb1,2,2,4,2,2,0
2331,0xc7c3bcb4c25860dcb2de90bda366ae0a37d68183,2,2,4,2,2,0
2332,0x7606e417be877b42be7311349f1eabea05c7dcd7,2,2,4,2,2,0
2333,0x08ab4feaa964b5c18006c8104bd8c35ee0cc987f,2,2,4,2,2,0
2334,0x49e3b59f49d55142f800182565812277c16abeb3,2,2,4,2,2,0
2335,0x7313a2e1460e41d6a1ef20cfd5c6f702a8651551,2,2,4,2,2,0
2336,0xb58e8f36ec46e8e826a4094798739825a3f37c6d,2,2,4,2,2,0
2337,0xc866b23312b2a14fd5687c184bea44ae69d735e1,2,2,4,2,2,0
2338,0x7535e77994daadec2e5ec55d30762e2fc7ae4e5c,2,2,4,2,2,0
2339,0x36c92e5ef996e55403138bd859fda8d6275c61a1,4,0,4,4,0,4
2340,0x43ed63322703ca6249ddd5a094d9bee0a3e8aaf7,2,2,4,2,2,0
2341,0xb24072f09ace46e3b44a9b57e40f70d236209496,2,2,4,2,2,0
2342,0x88a10d7995b96f28a1ecd7ddf1f2e2cbbe1e3786,2,2,4,2,2,0
2343,0x030745377d953913b2af2a64d961287ff800f7e0,2,2,4,2,2,0
2344,0xb4498d64082326ab009eced9b8b64567b86e3a53,2,2,4,2,2,0
2345,0xd8f515dad06a9f5b2cc761e5a108aa3eeb70c2b9,2,2,4,2,2,0
2346,0xdb29d2348cc5d72b1cef999e8d0c75d08368fd01,2,2,4,2,2,0
2347,0xc4210bfd73206c3208ae1f0854ee146ed8f1271b,2,2,4,2,2,0
2348,0x7a14bcde25263798aa967ffbd1facb38c0b46ddb,2,2,4,2,2,0
2349,0x744458eae66b7a0308c411860c8a82ad11d1cc68,2,2,4,2,2,0
2350,0x9860eb4ee2baa23d5713c11da45b715ffdb0c02f,2,2,4,2,2,0
2351,0xde12bc577b2ed3a2cd542ce8f0adeb37c9b59992,2,2,4,2,2,0
2352,0xc567ac610508dc26e129d9c6194b01ce399f44b3,2,2,4,2,2,0
2353,0x4aadbe45636170735f11093e269a79f372b22e95,3,1,4,3,1,2
2354,0x025fceed55f97ac99efd89c98a673a00a9b930a1,2,2,4,2,2,0
2355,0x74b9e36ce373db5abf43f6fba7088f2170805f63,2,2,4,2,2,0
2356,0x0ae358222ed5bd9bd73137bdcfed9319c9ad69c5,2,2,4,2,2,0
2357,0x94ac35f65bf72f20f1930a311e4a13d11dd018c5,2,2,4,2,2,0
2358,0xeb69cb28f5ede2a3d6e186097a49516eeea42881,2,2,4,2,2,0
2359,0x96a8bca768a8d5d455360f992cff54deffa19e1c,2,2,4,2,2,0
2360,0x857a5a719f157a6fe60448dc4af8e4b0d0351110,2,2,4,2,2,0
2361,0xb13cabc948fce7fed894f6a827823d22f02ffc0b,2,2,4,2,2,0
2362,0x860c4487e1222ee39b35005e493d4f5ce138b887,2,2,4,2,2,0
2363,0xbd18196a027c63923125e9ceabae838be81e2d47,2,2,4,2,2,0
2364,0x67dac42b25c41bee52d762eff29748461bda7b6d,2,2,4,2,2,0
2365,0xf3db2ea2b0d22265aa4717a71f75f48106efc588,2,2,4,2,2,0
2366,0x40cce82fdbf37944b420c940c5bf46dcf0d4b8fc,2,2,4,2,2,0
2367,0xe092d0a9148f06b0cf0ee05b725564b8fe09412e,2,2,4,2,2,0
2368,0x5a4e3ec056a6fe01e7a601efc66872cbf1c7e0a8,2,2,4,2,2,0
2369,0x604b93b2c16554a39f1b136638e8b1a728e78dfe,2,2,4,2,2,0
2370,0xc97a46fa2adb154b84057cb49577cbf07ae8612c,2,2,4,2,2,0
2371,0x0bf7fb51211b4842bad8e831ba2f42fcb836c7e1,2,2,4,2,2,0
2372,0xea491deb3e3206ea0a997131f03a7e38c65d728b,2,2,4,2,2,0
2373,0x2b75b66a4673a1ab049971a83129de079663d303,2,2,4,2,2,0
2374,0x714ef5c429ce9bdd0cac3631d30474bd04e954dc,2,2,4,2,2,0
2375,0xdbf8fb17ce8b149eff09026939b452573e66330a,2,2,4,2,2,0
2376,0xf4c5cbaa2ac75adb7d233fd649492fc683d00f6e,2,2,4,2,2,0
2377,0x6666332ceae6af05fe78e45111d57c609b0b8ccc,2,2,4,2,2,0
2378,0x466a9935322bc74bf2a332d4aa736d46b5fa45fe,2,2,4,2,2,0
2379,0x7b9026b90d223f07bdf85e965bfef5d3423a401f,2,2,4,1,1,0
2380,0xc21e889a9de9657150701f581db3ed81349a1749,2,2,4,2,2,0
2381,0x86562e1d064a41dc71e368a01ff5c507b248a844,2,2,4,2,2,0
2382,0xd41206354252a56172ba971e6376eea39900b79d,2,2,4,2,2,0
2383,0xf13532cc8f5c700dd30f9faf8b833b38cf78c7d6,2,2,4,2,2,0
2384,0xb3b1a4eb7d3ab8283af4aedb9952e2f42d1c4a6d,2,2,4,2,2,0
2385,0x99fc83359bb74ed21302f21f4635ea492873515c,2,2,4,2,2,0
2386,0x59c995d456d83b183e4ef4b33658a7587a248ab2,2,2,4,2,2,0
2387,0xd71b67ca3de32c3e88b6db3d22dcac99bb78b3bc,2,2,4,2,2,0
2388,0xf433771be52fe3b915b5c3840ffe9a55425766e3,4,0,4,4,0,4
2389,0xbac923fe196154cd5e4bdf250a52f63df9488ab7,2,2,4,2,2,0
2390,0x311ed1cf86f9e0ec691d4ccbd503a3b42d8c4795,2,2,4,2,2,0
2391,0xaf6376e68437ee82d1e0e47ae9c217f35681074c,2,2,4,2,2,0
2392,0xef45d2156882ff600a6d01f37608f87802c504b9,2,2,4,2,2,0
2393,0x763444fe5a6995ce7a81473091b05d951b31c746,2,2,4,2,2,0
2394,0x6a61925dcdf27d8b28c11ec76228b4195a978069,2,2,4,2,2,0
2395,0x48e1d8dae86abfe39b0b3a853d82400793327d7c,2,2,4,2,2,0
2396,0xc7f05c36c6ad900718020d8818e489cb775a9ac1,2,2,4,2,2,0
2397,0xbdec6b306d5c6637f08ecbcaa11ca06588d79168,2,2,4,2,2,0
2398,0x86b49b8fd824a462a0ccff07e0af218c075057d2,2,2,4,2,2,0
2399,0x0356b8693c80b73b27faa1579491e50fcb6ab38a,2,2,4,2,2,0
2400,0x5f5cce1ea039bb5e4a798c54450cf4c59c76bfed,2,2,4,2,2,0
2401,0xba88145c9ab811b9fa3fdb7ef600f793827845c7,2,2,4,2,2,0
2402,0x26a8daa3759b18ca2bd2ba522c103abfbfa60565,2,2,4,2,2,0
2403,0x19913e368870ea484fe361cb294dfe83ac364721,2,2,4,2,2,0
2404,0x742311db7617c27267d0cc5f97484a152851f100,2,2,4,2,2,0
2405,0x7b86f6a06442e162b62182001e24c12fb8f2388e,2,2,4,2,2,0
2406,0x09ccd52596121d065909a3117fa566fcd50a2601,2,2,4,2,2,0
2407,0xc426effa4448660f5da8b3767d190e73ed01d306,2,2,4,2,2,0
2408,0x3833a533f811a20b30b9694e8045ea575c0ae1f6,4,0,4,4,0,4
2409,0xe316044b7c3ae5035bc99d6129d017f3b383ddd8,2,2,4,2,2,0
2410,0x9e7c077b5dcc74bb91f4becf2c5bdf1858fddade,2,2,4,2,2,0
2411,0xebe7e229783dc3fadfa4dd8b2e3c42e5e9180337,2,2,4,2,2,0
2412,0xd1db2d0fe994de9ec9de6302df8b109bdcbe9b4b,2,2,4,2,2,0
2413,0x8a286c3162a1907d2a2aa4a2f774c38abb6bda7e,2,2,4,2,2,0
2414,0x1f14f9c2ffab9111cdfd84e4d6f67852a749de46,2,2,4,2,2,0
2415,0xff961ed9c48fbebdef48542432d21efa546ddb89,2,2,4,2,2,0
2416,0x95bba6ac145f6b34433671800403752ae401c530,2,2,4,2,2,0
2417,0xf060788aaa728355b2611f3b9ab55de785e4eea5,2,2,4,2,2,0
2418,0x95efb1ca6d3b0d281fb4d61aebe5bcd029cca7e4,3,1,4,3,1,2
2419,0x88a2f57606c25bdf29b6bbdd58d773896758f98b,2,2,4,2,2,0
2420,0xaa5bf97a4b5a0165846b3e2016321e24a33be2ce,2,2,4,2,2,0
2421,0xb71d8fb4ad353ac261a505460f38d1edc5d22717,2,2,4,2,2,0
2422,0xc48125a14ea8928f099393c931cb0f94ccc3fea9,2,2,4,2,2,0
2423,0xe414e0834dac882de47e8578f9ec2b8e00caac07,2,2,4,2,2,0
2424,0xef89bc1af79039dc98d561eb64c4c0866b2f2010,2,2,4,2,2,0
2425,0xc34349fbedd527215aae19b2e4626254ec29a13d,2,2,4,2,2,0
2426,0x70b52934105f6b4a5e5fd4b7eb17164f023f3865,2,2,4,2,2,0
2427,0xa67cf6dcfc362ed4e27a637bf5c2fa32fdfc1fc1,2,2,4,2,2,0
2428,0x32c7bf2ede5b21bceeb69dff936e41c65b3d3cbb,2,2,4,2,2,0
2429,0x5f746d98b7c6585cb562e99cadde7f2f259f1dd1,2,2,4,2,2,0
2430,0xecb240e605a4d37c6bd0d48b9e6513dc08ff1b47,2,2,4,2,2,0
2431,0x4864ee998892f3a1e26ac06aeb07d685829fe82b,3,1,4,3,1,2
2432,0x18c90da130322cf5246cafc86c156ae373bc931c,4,0,4,4,0,4
2433,0x24e337d74dc7370a3d85d847518b03eb4b2ff25d,2,2,4,2,2,0
2434,0x38fb5c12a832c62a1b8b691756d2ab11857c5604,2,2,4,2,2,0
2435,0x4e0e76fea7f4c697947c870eefc3e026a0547139,2,2,4,2,2,0
2436,0x87e469f81f42d893f8ef718aa2bbd530a7a08add,4,0,4,4,0,4
2437,0x4fc61cb6053c9a3e9d9961d7dfe12e9c2e631574,3,1,4,3,1,2
2438,0xff11ebee1c05129fbb89bbdb173740efe4498fb1,2,2,4,2,2,0
2439,0x137736d85ec3e9bc0d91027a217393c82f3f3e27,2,2,4,2,2,0
2440,0x2d96daa63b1719da208a72264e15b32ff818e79f,2,2,4,2,2,0
2441,0xdc1f9c98351858416fe77a546a716ef1291916b3,2,2,4,2,2,0
2442,0xc6e2dcf6c60ac5262337b9eb182823812471351f,2,2,4,2,2,0
2443,0x5d1e1c40f5da56d290c1f8c94d212dc279239256,2,2,4,2,2,0
2444,0x7423979f27e378b7dbd51412a81a779eeab4863e,2,2,4,2,2,0
2445,0xd4487c3e31d25c2e035b865bfc7f5259f7c15e65,2,2,4,2,2,0
2446,0x0b0a206794611892587e3b0df04a64239e2a3490,2,2,4,2,2,0
2447,0xd11665e84abbade1b35cbbb4a2e804c007369a76,3,1,4,3,1,2
2448,0xbba54a347235ad31e849b9f793a6da1c05bcebfb,2,2,4,2,2,0
2449,0x7d112a6724dfe4506a3bbfa29ded117bf8d332a4,2,2,4,2,2,0
2450,0xe1029fef03beeab9a73316b2fce92a6377dd587a,3,1,4,3,1,2
2451,0x7f75711881eeb8556065849a57d80937af069059,2,2,4,2,2,0
2452,0xe4a1ac2a17194caf32807f9e736a32eb070bef4f,2,2,4,2,2,0
2453,0xfa31f12bfe9a283bdc4e79e3695a397088da4050,3,1,4,3,1,2
2454,0x828600420c4f8321b07f946ed5b2cbacaf81777c,2,2,4,2,2,0
2455,0xe49f2cac8839bf905d5bdc930ba201188511ff56,2,2,4,1,1,0
2456,0x7547266036d5e836720c5c90e41ecf4981629ee2,2,2,4,2,2,0
2457,0xc316f415096223561e2077c30a26043499d579ad,2,2,4,2,2,0
2458,0x447b4eeb6d65e108dd63c3b1f7625e3f3c769f80,2,2,4,2,2,0
2459,0x17b70f6b0dd3bf1322f972e84531767b8574e47e,2,2,4,2,2,0
2460,0x3c95a3c2b84411b7d3d008d499c2f6d4b02c9ba8,2,2,4,2,2,0
2461,0xd63ef5bec8a3d7a7cfb5c347965cc2dbdefab395,2,2,4,2,2,0
2462,0x21ab1fa8cb579de00bb15f159cb1cf84bb32cbee,2,2,4,2,2,0
2463,0x8526e4f21d060ef0ef2e69d2a00392e82eefa63d,2,2,4,2,2,0
2464,0x72bc47e7620c97a8f7df28c1dd01b92b1285f8b4,2,2,4,2,2,0
2465,0x948ab0c345a131a137b42c54f464fde5665e5f22,2,2,4,2,2,0
2466,0x08c3a0ea4ea8611a0e2f6fe85532d8728f9ce85d,2,2,4,2,2,0
2467,0x7c3e087a56bcb9c3b52b94058a089e543b1d5313,2,2,4,2,2,0
2468,0x8e8665be566a0953bbedaca5d6261f2f33113ff1,2,2,4,2,2,0
2469,0xe15a7adbf17fbe4706b728b711ff60633445b6ae,2,2,4,2,2,0
2470,0x787a824b74c136c7b709d6f0bfcc02fa4a68632e,2,2,4,2,2,0
2471,0xe41a28b5f4c4480a474fbe01784e47ea626fbd21,2,2,4,2,2,0
2472,0xca345a3b6501a82c19dd8a459db0fcd39d123b05,2,2,4,2,2,0
2473,0x7bfee91193d9df2ac0bfe90191d40f23c773c060,2,2,4,2,2,0
2474,0x0164f3df431f4bc26466ee84710c04e37e6d2a56,4,0,4,4,0,4
2475,0x9d534b14e38dcde692ef3f87c4580c590d943d93,2,2,4,2,2,0
2476,0xdf2606b9875004362fe2b535feb3383d9608b634,3,0,3,3,0,3
2477,0xd679625195ec7f3a913cc65f2e5d00b23db6ee0d,3,0,3,3,0,3
2478,0x7c3ecf234e59c4dc7dc4becf511fe09150c90aef,2,1,3,2,1,1
2479,0x916a5ca8d0ee4d7721eda5b2d69f9688b32c452a,3,0,3,3,0,3
2480,0x8266fb33ae97836394356d05a87c3a1fb4af4608,2,1,3,2,1,1
2481,0x4be52320cacad2e3c48e3eb437bf94e853944b9b,2,1,3,2,1,1
2482,0x5fa499db9398494482934e249d2f1f69c558b380,2,1,3,2,1,1
2483,0x808b6e018e24698324b28b5da35bc2e3e105d673,2,1,3,2,1,1
2484,0x95d41776812c6ca222dd5fdea56c065b55ff7655,3,0,3,3,0,3
2485,0x1821bd18cbdd267ce4e389f893ddfe7beb333ab6,2,1,3,2,1,1
2486,0x94f4869fadbcfde08a8be5c6ca22ba710543012c,3,0,3,3,0,3
2487,0xaecfe4eff84a1cd9a24accc1914ac537af7f6e1b,2,1,3,2,1,1
2488,0x29ed757161a140347ea06d5065d9f1aaab7c3857,2,1,3,2,1,1
2489,0xbdd954ebda44b38cdf3549c6120d4a022b561703,2,1,3,2,1,1
2490,0xf63c2c5952f6737c05b18941a19e1d2db6ae5005,3,0,3,3,0,3
2491,0x151ebaa40bd8015f54d4008bd746ddf6ee332c2b,3,0,3,3,0,3
2492,0xb11b61d2cf006fa241d2a57ad294a49f188fc7a5,2,1,3,2,1,1
2493,0x5cd53e829c4d8c9389e266794bfa71e108b246b7,2,1,3,1,1,1
2494,0xa908d87081f57ff1771664b495fe03bd7f7e19df,2,1,3,2,1,1
2495,0x68587444abaeb751f892f8d1a4ffd9613ec65414,2,1,3,2,1,1
2496,0xdd3f826f57415e5abdd22e5cf609eba417499611,2,1,3,2,1,1
2497,0xde24a7b202a6c3a658ea59c07da564d27f9611b1,2,1,3,2,1,1
2498,0xf5d4a3b9fb77d1d5600a10e0e1c4efd12f9be751,3,0,3,3,0,3
2499,0x24a3155204404c52f20fff0057e6ba8fc1f27409,3,0,3,3,0,3
2500,0xbf30608066f972e705b54fe75411e54b34d671c3,2,1,3,2,1,1
2501,0xc7fc8e17cd95989bf8d1c3e1dbd0acdbafce0708,2,1,3,1,1,1
2502,0xa8f791b11182e6d43c59900c46b3928666aaf4a2,3,0,3,3,0,3
2503,0x8bf0f255e8bcab335ea39376887f4802d98799c5,2,1,3,2,1,1
2504,0x42b576bfe9926537cec4a83f141a9204a3f929a0,3,0,3,3,0,3
2505,0x81b84f103bb6235e660cfb75a448203fc40865e5,2,1,3,2,1,1
2506,0xfbbf809279b078f6c15f7aa478986cd24a21d08d,2,1,3,1,1,1
2507,0x75895dee1c1a5bb7e91c18af2625d343b52e9235,3,0,3,3,0,3
2508,0x2fab30dd5d29f56b8e0d3c0e29b98d2956f97bb4,2,1,3,2,1,1
2509,0x34ed38c093aecf3171fad6087afde559647ac4a6,2,1,3,2,1,1
2510,0xe4a24b53c97a25a21fe0ee6a1a1f652a5dafe88f,2,1,3,2,1,1
2511,0x5231555186e4502bdb603c9e42ae47f93c54d99d,3,0,3,3,0,3
2512,0x651501a1713ccb091c84f624961196b7edc2dfac,2,1,3,2,1,1
2513,0x82e8936b187d83fd6eb2b7dab5b19556e9deff1c,3,0,3,3,0,3
2514,0x20f9ae0f83be9b468d941ef8e18d932c2e5c2ccf,2,1,3,1,1,1
2515,0xd1720e80f9820a1e980e5f5f1b644cde257b6bf0,2,1,3,2,1,1
2516,0x460a6dd3289ee7e83ddfaba924475a400f4fe6f9,2,1,3,2,1,1
2517,0x28842204119ea12440baec0fa9f5fb0f825f1eb5,2,1,3,1,1,1
2518,0xf85e650222e5f6f5fadf8a07acd77186492773b9,3,0,3,3,0,3
2519,0x7f86d25f106a32a25567885aee9873f461775617,2,1,3,2,1,1
2520,0xd448f985cac270c4fac8bf97281bf259a027925a,2,1,3,2,1,1
2521,0x5cd5ea599e1dd97f0c4d26526f730d970d0cf444,2,1,3,2,1,1
2522,0x33e86b74973deeff32fc45f3158aed7dae15f656,2,1,3,1,1,1
2523,0xd591b8b78c47e872163cc52b3d5588ad3ecad51c,2,1,3,2,1,1
2524,0x4deecb10cdcb51629f371365c351ca1abccd1dd3,3,0,3,3,0,3
2525,0x6442c1aad456f29e7631398283c6e87ff24942b8,2,1,3,2,1,1
2526,0x956861a2fb44bd5675f370886782eba599e1e8ed,2,1,3,2,1,1
2527,0x660cfdb71ea4bb3aed7cc3443daed29162b7dbb5,2,1,3,2,1,1
2528,0x998c46ffd2ab73b20fef1d4bca6394648d61dcec,2,1,3,2,1,1
2529,0xa05b981b6ff59ab94f6c4c589428c7e85b49e257,2,1,3,2,1,1
2530,0x4d33d84f667f22644b09f501f09ccbd3e876c68e,2,1,3,2,1,1
2531,0x4fe89235b8165f1d9e4b91e80dccbcc33372aba9,2,1,3,2,1,1
2532,0xe751970824f3bcbf97e611e351c1136776be1ce9,2,1,3,2,1,1
2533,0x1c6f1a832e73949c97fe335a98b6a5fc3c9c29e9,2,1,3,2,1,1
2534,0x6f5f5d2a7d9b6ea028b8efceab2ff221a27ab6e3,2,1,3,2,1,1
2535,0x2ae0213b4e387f5573e9e89bfc9112afed87e681,2,1,3,2,1,1
2536,0x0dd03560ff1f307713530f38e5c42934bf56d74c,2,1,3,2,1,1
2537,0x04352df5e5f5247d97b2d144022dbb4d022172d2,3,0,3,3,0,3
2538,0x072d63796c4fe69b306a23e1d01156d51f7b3e16,2,1,3,2,1,1
2539,0x4c3a392af5fc22253743b0600a4365df3a7f9893,3,0,3,3,0,3
2540,0x91564767f0a5ede4c657e2e1c78242925a180b97,2,1,3,2,1,1
2541,0xca90e6bad17baae7b553d4505d3b3fc96c791ee0,3,0,3,3,0,3
2542,0x66fa0ac3d37456ccab1c87b8c6beb478922a5610,2,1,3,2,1,1
2543,0xf0d3ba9a1fcbe23e62236ebf6ccab6166d0a739a,2,1,3,2,1,1
2544,0x2795aa71dcd63406e8655c3cf96ee14ba2123896,2,1,3,2,1,1
2545,0x9b476150c72733de0cdbf4d1a3846f9ae7bae130,3,0,3,3,0,3
2546,0xe43a5bda37e98a9fb6f40bdee4147c7d0c5a7dde,2,1,3,2,1,1
2547,0x09c7236cba472e539d3cfe5201b890cd319fba79,2,1,3,2,1,1
2548,0x407900a16df05b1592e77f40ea87410baecdd8fe,2,1,3,2,1,1
2549,0xa09efbc5c0c5b5ee00376d90c244781af0aea0f7,2,1,3,2,1,1
2550,0x5f00a359b12406cfcf59876faf8951c2a30a06cb,2,1,3,2,1,1
2551,0x0f7a1e945b12867e17cfc077649e584de032e1d1,2,1,3,2,1,1
2552,0x15061786b1b990a1a2bb98fc9c7083edad23727c,2,1,3,2,1,1
2553,0x2a25c15e321e46318e35cf30c19d5f8da40ad7fe,3,0,3,3,0,3
2554,0x094777753dcbe1209b8d480a3f103870fd70cf08,3,0,3,3,0,3
2555,0x340eaa2f2ace34c27839b34b0f2c00b3d191fd21,2,1,3,2,1,1
2556,0xa817fdf9b769d2e74d12e8e28294efa2c331b799,2,1,3,2,1,1
2557,0x8c63d161658ddae4aefb92b105f1730254ca7a3c,3,0,3,3,0,3
2558,0xe1d70436837795c2218af9ba97f5f76ca47088a8,2,1,3,2,1,1
2559,0x9cd959611517e52b8ad3a2b2d5a7595e717134d3,3,0,3,3,0,3
2560,0xdba35612087debf4b83615b3474e3e9e79b08c49,2,1,3,2,1,1
2561,0x0fcdde14fb2fcbc13b8f89da411b56c2908976dd,2,1,3,2,1,1
2562,0x93730ce5ac9de1db9f3fbb73bf522a690629ccec,3,0,3,3,0,3
2563,0xdfcd6663f6b59cb206772c6a9dcbab7db00f3178,2,1,3,2,1,1
2564,0x528688efee42c332a14e03537f9315bd137fc62d,2,1,3,2,1,1
2565,0x0ae251836db8521be9e1efbdf1c3ff084928215c,2,1,3,2,1,1
2566,0x2f9961596a2882ec3ed022c5599b38798fe6485e,2,1,3,2,1,1
2567,0xe522304039b02dd2974a5f54fa21b1e29ae7db16,3,0,3,3,0,3
2568,0xbd7fae690d2e4573ba304d3db4426ad08ba6d760,2,1,3,2,1,1
2569,0xb05503405e9a096fae8fb7f53d44f6c4bc95dd9a,3,0,3,3,0,3
2570,0xc15b9f50300a03f22057e36bf3b234c4bb9dda70,2,1,3,2,1,1
2571,0xbcd9afe0d5bea2dd8f225ccad46a1837976c42f2,2,1,3,2,1,1
2572,0x5b45870a9ff21b46e9b7447463a8217f0d08baea,2,1,3,2,1,1
2573,0x32c898756d5184fdc95709350e77e18f852d84a6,2,1,3,2,1,1
2574,0x1e27c17432abff8e314b421be50c63a42d3e95e0,2,1,3,2,1,1
2575,0x352318ae7eae50d4140db268860f48741c492ee1,2,1,3,2,1,1
2576,0xef2e060e1569816b37bb923a911ec952b8694f42,2,1,3,2,1,1
2577,0xc38f858af24ec67ddb72a9c06ac17d31a1186dce,2,1,3,2,1,1
2578,0x265ef3e30fe964314a2b6ae6bfac32146ec73424,2,1,3,2,1,1
2579,0xccf4eb73a9f86aa9bef9667ee8014bc382db1f38,3,0,3,3,0,3
2580,0x1de989ddf4e3785a91d7545f6873af9e61c47dff,2,1,3,2,1,1
2581,0x1b2dab8062e1d7ea6d6bff01ae297fede19e3125,2,1,3,1,1,1
2582,0x1c0464cb35d82c52f292a4eb9f20de3733eb7cf8,2,1,3,2,1,1
2583,0x2d7b4c7f1655b29ea84a1a3830afaf8872c38506,2,1,3,2,1,1
2584,0x265756ebba771e69e11529dc0d5bebec98b883ad,2,1,3,2,1,1
2585,0x2e7afee4d068cdcc427dba6ae2a7de94d15cf356,2,1,3,2,1,1
2586,0x8f18f5ade4a842fd1c51629bad2431bb5f354715,2,1,3,2,1,1
2587,0x6a423e040ec23f89f90d14d40badcdff7cc324b9,3,0,3,3,0,3
2588,0xf7c23ee9d0e036147136ec9d0089b00d33d7532d,2,1,3,2,1,1
2589,0xf79fb55d416cbbebb5286950a370dd7115493228,2,1,3,2,1,1
2590,0xb6fb0086d743dd35e4a52740c2fb40e9f935f7a1,2,1,3,2,1,1
2591,0x208ab0439228ffbe3b77e36e41f47951ccd3d4e7,2,1,3,2,1,1
2592,0xf34ddaf8984e115700aef4efdc5cb1bec69785d3,2,1,3,2,1,1
2593,0xebc48e8db0d9203db04512ec4a8030cf2a43c384,3,0,3,3,0,3
2594,0x4a41a60fabdeb983ab865ea4214f2e280c6c004a,2,1,3,2,1,1
2595,0xfca20bf3d9306eefec41b7d980cbf578f30dad09,3,0,3,3,0,3
2596,0xe888bf6906a1be8d7989c71113254ac934fe7dd0,3,0,3,3,0,3
2597,0x6fafd991989f2256a4b0932bb9f683173dca451b,2,1,3,2,1,1
2598,0xcb599d7ceb6b054a307d136433b0a1ff5fcc1100,2,1,3,1,1,1
2599,0x91f7a166ac83ed2edfb4ff278a9d367c04fad227,2,1,3,2,1,1
2600,0x86531cb6707386bbbafdea08988ee6eaf01f0f57,3,0,3,3,0,3
2601,0xfcafc8bd9ce37c8092bf03b82695bc30faf192d9,2,1,3,2,1,1
2602,0x5d2bbd8b0113d5ca3b565adfb6155c53fd3f527a,3,0,3,3,0,3
2603,0x74a358a47ce5244a0829902a207b68dd8c5f4bdd,2,1,3,2,1,1
2604,0x1629b6fd7f4f791e343a1b36dba457c3c9f95a92,2,1,3,2,1,1
2605,0xdd114672013bf04f75f30434bfbf117904f784d8,2,1,3,2,1,1
2606,0xb0c39f92ef1cc87362cee02f68be7bba10d9f0be,3,0,3,3,0,3
2607,0x8625e3981bfe980d105f7dbbdb4794d28b4a35d2,2,1,3,2,1,1
2608,0x8467a3df73dd57df2424cff229fbe4cf97751c31,3,0,3,3,0,3
2609,0xe54eb99f14d8abeddb78c329c2d9014e0d410110,2,1,3,2,1,1
2610,0x7d001db2dc940b600f3494444b1a8082b388031b,3,0,3,3,0,3
2611,0x7e41e492351e46ce82dfd0d373e6e519a02f9a69,2,1,3,2,1,1
2612,0x3a27a89d203fdd6f241c43b4ccc667dff10f32a6,2,1,3,2,1,1
2613,0x2a11aefddc27635faea271c924c13a6d797d2f77,2,1,3,2,1,1
2614,0x5e5a9fadb7e343f11e9b2619eb7e40cdc3ea636a,2,1,3,2,1,1
2615,0xee8e0b252e63ba47f4669eb09f0194b0588e665e,3,0,3,3,0,3
2616,0x5fa8fa0d0f3d45c997e5d31441f56a4f2881085d,3,0,3,3,0,3
2617,0x304ab1ef857fde58043c5fbbc15024790c12924e,3,0,3,3,0,3
2618,0x58a078b72d1af4468e808ca7414f30e7edfbf37f,2,1,3,2,1,1
2619,0x12ad254146be4b056db5bf68d335b4c243a12e07,2,1,3,2,1,1
2620,0xee1fb365d2a1bec9c2c5fd6d5fc10d424f6163d2,2,1,3,2,1,1
2621,0xfa8f061675f46cb9e71308bdf3c1c15e35011ac2,3,0,3,3,0,3
2622,0x5fa8f38531ecec8d009ba4ea54c2f98c1cee91e4,3,0,3,3,0,3
2623,0xe283ff903068e7e06e478f077d6be9c7996d2e04,3,0,3,3,0,3
2624,0xa5069719239ef50df462436e1146a1c66e2932c7,2,1,3,2,1,1
2625,0xe0b450be5911317119256bb95508454db42d6bd9,2,1,3,2,1,1
2626,0x57f5568b2f2f55056a2cdc3cb0baec0054b8188c,2,1,3,2,1,1
2627,0x8fbd5b22d3a26551b3b716c2ce68a4064e0d053f,2,1,3,2,1,1
2628,0xebe5760b77bb0c0dbb18ca9179fddfc41812ac8c,2,1,3,2,1,1
2629,0xfca41ac09ee027ff632fec3f1425755184b66b59,2,1,3,2,1,1
2630,0x4a8d0ef4e0fcf7e8e8a5e7dae69b0de66a760470,2,1,3,2,1,1
2631,0x3390e4156346e0094c62ea68638d6e71e992f502,3,0,3,3,0,3
2632,0x69a38ed944d269a2bc6dbd9fae6cc92d51f8ddd3,3,0,3,3,0,3
2633,0x19e408d06e9c93b573b822b5ce80f93bf72199a7,2,1,3,2,1,1
2634,0xa5f09c6f40aa9b8f7ad70d64c42e20df1ad1f0f4,2,1,3,2,1,1
2635,0xf503c4cac2b5a27f68eee197efb94e6fdeaa48d1,2,1,3,2,1,1
2636,0x1b0583e43f6e2f93526d7b2dcc887106b030441d,2,1,3,2,1,1
2637,0x8a333a18b924554d6e83ef9e9944de6260f61d3b,2,1,3,2,1,1
2638,0xd6338529f690c214f9ec6a9e797947a68f5f77fb,2,1,3,2,1,1
2639,0x094f8eecdf916aa47e5382c1c1e83888bcc03dff,2,1,3,2,1,1
2640,0x51e0b720a8aac60fda28425b33aa95189981e111,2,1,3,2,1,1
2641,0x019ae3430263f42254d22f427f8dcf3f5f7ba9ff,2,1,3,2,1,1
2642,0x28ac01ebf289292783cfaad9bbf2c7fe2666dfbd,2,1,3,2,1,1
2643,0x4ce69fd760ad0c07490178f9a47863dc0358cccd,2,1,3,2,1,1
2644,0xcec909e109af27c4220d8c0400ec990126187dce,3,0,3,3,0,3
2645,0x43f778201c898eb332ab1af9ddcb4bdaa7ef8d2a,2,1,3,2,1,1
2646,0x7ee64a56b6825f4fee2c214598d429071cec7cb3,3,0,3,3,0,3
2647,0xce9f09beb89f24b39421061207b5d2fb9b3bea6c,3,0,3,3,0,3
2648,0x521daf6b4c7aae964baad18d99d9eb75b5abc592,2,1,3,2,1,1
2649,0xd88a747128b76869c60ff0e4c59e478f13f31894,3,0,3,3,0,3
2650,0x667577a68bdf2dd0e44eba52c18c2ba86298e7cf,3,0,3,3,0,3
2651,0x4481b10d76b7ad1789fd3cf1da5fbfa42c3b86e5,2,1,3,2,1,1
2652,0x633012dd87ab832d1db0966c4c74c910fd4a8315,2,1,3,2,1,1
2653,0x97db0e57b1c315a08cc889ed405adb100d7f137d,2,1,3,2,1,1
2654,0x0dea4108d882803de801a9f9fe8599f1bff16297,2,1,3,2,1,1
2655,0x7e9404fc2cd920c3d575aa06eb8d68406b9f3881,3,0,3,3,0,3
2656,0x8d38e1d4a879e3ef003da26d7b0be998cfccfb9e,2,1,3,2,1,1
2657,0x1eb5f481cb6032a0265518df33270e155c6cf18a,2,1,3,2,1,1
2658,0x9b02f639b9b30b93c5d87767dbae852d5b8852cc,2,1,3,2,1,1
2659,0xc0b34cc292d0727e488a6a31d1608fa4fb2d2bd4,2,1,3,2,1,1
2660,0x21c81bc81bcf24dcb6ae9362725b0e0584715f67,2,1,3,1,1,1
2661,0xc7c25ce2379bb184ba3b9a41f722edfe1fcc9da2,2,1,3,2,1,1
2662,0xd8ca758383628d406052533e658b97b41114003d,2,1,3,2,1,1
2663,0xa3190e667fd99376ecb66f57ce0298d571271e2b,2,1,3,2,1,1
2664,0x5911d52396c089a6d1fe620e3275a5435ae5526f,3,0,3,3,0,3
2665,0xa5f862be8c97699ed4403f975b70404c3d4f7bad,3,0,3,3,0,3
2666,0x796386096362924f626aedf797152ff3fe111570,2,1,3,2,1,1
2667,0x103948c5e054ac42fc340e3622ebfaa4cf9423b1,3,0,3,3,0,3
2668,0x476cf4280d98935857bbb8492a7e89afcfb8fba0,2,1,3,1,1,1
2669,0xd002ed5d24fa4d0d8bc9af8ccc330a2a40cea686,2,1,3,2,1,1
2670,0xdad6c364209c821b459c3bd337bcb8a542f561ba,2,1,3,2,1,1
2671,0x6cabe2e60154c9b7e6212378dc41818850c2eef8,3,0,3,3,0,3
2672,0x1814b7a2a132a816ff5bd8573b1c2bf5995d2fda,2,1,3,1,1,1
2673,0xfe7215480a501fea6bfd6b3d28b3837ce51c45cd,2,1,3,2,1,1
2674,0x13c6a19ccd443372c3ce86bc57887ee06ebaea70,2,1,3,2,1,1
2675,0x2e229196c169df6ea418af79115de0d9b4d3ec61,2,1,3,2,1,1
2676,0x14d8d5e882eb9c1773c00f87745e7ae7d9a48a62,3,0,3,3,0,3
2677,0x1ab18167ecaeb74959e565a52edeae55bcd879c0,3,0,3,3,0,3
2678,0xe2289b87a38d32062a93bd94e9f787f448cadbb3,2,1,3,2,1,1
2679,0x92cd8f9bdcae0700f26f63b0d58987b48d7543c3,2,1,3,2,1,1
2680,0x6909e31e2dbf9b1140dca85acb77224b59258a9f,3,0,3,3,0,3
2681,0x764a302ffbbe0320a735701da4791e5f6b22090f,2,1,3,2,1,1
2682,0xea95c9f76da62c56e850e45ab60f15df57934d00,2,1,3,2,1,1
2683,0xc2f094439cd1fc45af3e8a679984927abab0d3d9,2,1,3,2,1,1
2684,0xb3244abe943ff149fc98096c8fe024cf7146a4ad,2,1,3,2,1,1
2685,0x2789a666596979b71db3b3ad15368fce34f84bf9,2,1,3,2,1,1
2686,0x4d4b5bf5a24de13483cfb5f69e1605ae1a7da549,2,1,3,2,1,1
2687,0xa68440a3e1394b5bc7af2cbbeead5d74de549d3d,3,0,3,3,0,3
2688,0xde923df474661ddf3727c913ebfee3df0b37beb8,2,1,3,2,1,1
2689,0x063e6848f73cd96a903c014e041d9556575ca855,3,0,3,3,0,3
2690,0xcf143b0e9bcf524511d382684c63d786e41763b3,3,0,3,3,0,3
2691,0xb4387fd9abb7a01d0d09f2b74119d242d8bedcbf,2,1,3,2,1,1
2692,0xbd5e48fffb2ad39f37817bb6e555bf1ae4103f98,2,1,3,2,1,1
2693,0xa924107b01a3d271e33fa464f68a6f06416963b7,2,1,3,1,1,1
2694,0xdac2c5d760ff866bc796ddb88dffec3d9a90b7e5,3,0,3,3,0,3
2695,0x55a6a336889aa76acc22b172aa614d5abf3dcd9b,2,1,3,2,1,1
2696,0x3c1857e32134aed3691025b48ae2bfc95696c548,2,1,3,2,1,1
2697,0x4880b148627764aba65667b31e6dd99622b8386b,2,1,3,2,1,1
2698,0x99b28e37e19086c3f6d1d0dbaa364fc3b62f56d9,3,0,3,3,0,3
2699,0x698bb6299824a053a9fa1e677d48ca44daa0a0c8,2,1,3,2,1,1
2700,0xd08097ddc32e644166f334bf5666b75e2bb22909,2,1,3,2,1,1
2701,0x632fd6d5e53a8661e751a964c9d7c9aa63ecaa5a,2,1,3,2,1,1
2702,0xebd93a2611b0a35f722e79a4bf7f7f000c514a4d,2,1,3,2,1,1
2703,0x3338242225fd25cbf008262528576b0235cad516,2,1,3,2,1,1
2704,0xe93348b328f09bdd7ca877952aeecd0e533e5bb3,2,1,3,2,1,1
2705,0xa8b59b06010d7e962e3aba1a858d122d98453f45,2,1,3,2,1,1
2706,0x667aeda8cd06b6375f8455e59b36cf22f9f12605,2,1,3,2,1,1
2707,0x07aa0abdb74d1a71239d1f8b31e3d9cd1554c261,2,1,3,2,1,1
2708,0x7c421efcf9304dd3b0df18ee20ba4950294434e9,2,1,3,2,1,1
2709,0x8c0fbbe66a8186709385320414da7c77ac6348c7,2,1,3,2,1,1
2710,0xa553c347bdb0b59efe5a5bcc840d2662325ae8c1,1,1,2,1,1,0
2711,0x24405f86b0879604f99c264e4da2144f6258c277,2,0,2,2,0,2
2712,0xf849fbc43f9a108a297c8730eede2896932fda68,1,1,2,1,1,0
2713,0x90f5cc59e3ea2a74ae3cef19e7618c293c1ed1d5,1,1,2,1,1,0
2714,0x87889e2aa5b77f7c9c5695b61deb9233a154458e,1,1,2,1,1,0
2715,0xb040cc5ba746ebda82ab82294dc01d455cd9c0a5,1,1,2,1,1,0
2716,0x1c7863f4c8e0098530ad7b6589acb3966877e907,1,1,2,1,1,0
2717,0xbc842348197c3e7c080a89afb3349d8952fe1270,1,1,2,1,1,0
2718,0x3189ebb97fd0572e01a4cdce70b76fb9da91720d,1,1,2,1,1,0
2719,0x32d15eb3a76b00c33f07bf8d0350c4c606959c67,1,1,2,1,1,0
2720,0xb66f923011b31d37391876ef4dc618a722fbcfa1,1,1,2,1,1,0
2721,0xcb3aeb12405d42544dcfb605215333bae5793cd2,1,1,2,1,1,0
2722,0x268458a1680fbcedbffaa4ef1ca3cc8e172ff828,1,1,2,1,1,0
2723,0x03a101901bafa5d179ada227b3fc2c3cec4ce000,2,0,2,2,0,2
2724,0xd23a3d137de99a9c81e46d3546bdfec797bcbe69,1,1,2,1,1,0
2725,0x0d4064692eaf990221e439b723bb0a2f760722ba,2,0,2,2,0,2
2726,0xfddac64a7d486e2a180757fcd357636550c13598,1,1,2,1,1,0
2727,0xae0e36163265b3164f58712742362b2e57e513f8,1,1,2,1,1,0
2728,0x69ef5d12a816c44d291ed0bc1d7d1bdf09cf38a5,1,1,2,1,1,0
2729,0xe59c78ffe5bf4cc56bdd0df545756f3c8af5d04d,1,1,2,1,1,0
2730,0xb5c3dddcbf4a81acfe40b7969f8dd0e609987c49,1,1,2,1,1,0
2731,0x6eba880c9b6b3ca89a7abc6431c9e416f90e4c92,1,1,2,1,1,0
2732,0x5bffdc17c39aca1c948e862b0feca2a1ecf40606,1,1,2,1,1,0
2733,0x00e33a447292c1e547fbca839856cc0b724e082b,1,1,2,1,1,0
2734,0x6aa034adaf4e88700f7fe1e9210c621be42770c8,1,1,2,1,1,0
2735,0x037dfd569defbc08ae28001159b4c49f6d006cff,1,1,2,1,1,0
2736,0x6e400e4c5419e889388141e89c8761338f841ed8,1,1,2,1,1,0
2737,0xaeb2914f66222fa7ad138e128a0575048bc76032,2,0,2,2,0,2
2738,0x66094265fae157f59444ae523250aa6d2a44e81c,1,1,2,1,1,0
2739,0x37f8623e9d526c18826089efe35b22daffe29c29,1,1,2,1,1,0
2740,0xd3be6d9e5d71879fd02c1177109b4c2495c65820,1,1,2,1,1,0
2741,0x10a3b9d4273375dfeefcbe99af1af6f42352e211,1,1,2,1,1,0
2742,0x9890b9970edcbd96ae89008adba2f7319eecd7e3,1,1,2,1,1,0
2743,0x80e7ed83354833aa7b87988f7e0426cffe238a83,1,1,2,1,1,0
2744,0x29b32f1320e2e78fa66a92e5114a125e68e75e88,1,1,2,1,1,0
2745,0x2a734c36d1655f356b04e10f9676cbf4ad8b2237,1,1,2,1,1,0
2746,0xe0e81214635e051427a182c97f1fbdd1f6ab31ea,1,1,2,1,1,0
2747,0x865834fdea9ab4518364b63e1bfcdfac13f785b9,1,1,2,1,1,0
2748,0x501e3e4c5f6ff9c157d85ca5074ca033d048682a,1,1,2,1,1,0
2749,0x736e4676121817b8ce9490157c9ccddcfcc77ac0,1,1,2,1,1,0
2750,0x88d8875616be13d6d14fd019782aa56fc5a40d5b,1,1,2,1,1,0
2751,0xafa1bea94b511053c0e812189bbe89149152e8e0,1,1,2,1,1,0
2752,0x1dca9ad259fac5941292eec5be6c45782b91b3fb,1,1,2,1,1,0
2753,0xd08b294dbd8bc760c57abdec26515da626511b40,1,1,2,1,1,0
2754,0x9c4c1615fafe1afab80470062d18f6e2337e3356,1,1,2,1,1,0
2755,0x30ed49e1a140355b170e522513c6be8b9ae32c94,1,1,2,1,1,0
2756,0x6a4e8a9735473f840e931ad5e9406d919a7953a3,1,1,2,1,1,0
2757,0x200f74783722d449c611feb9513824a112647d6a,1,1,2,1,1,0
2758,0xaf331ceea7c3beeee434304d5d7829eb076542be,1,1,2,1,1,0
2759,0x2a78200ba51eacc3724bf0a65b2bcd2d97230a34,1,1,2,1,1,0
2760,0xc5240d991b241c222f38a599da988f4f3cd78e55,1,1,2,1,1,0
2761,0x748e495fd32e8c63202f2bcf510f6f6b0a9bf576,1,1,2,1,1,0
2762,0xbd6af66d5a120ca744fc619f916cef743f967c3c,1,1,2,1,1,0
2763,0x6273a433bb0f7af075270de55a1ea0d741c19a46,1,1,2,1,1,0
2764,0xbd65c36c97be77473926763e813ef697a70ca3af,1,1,2,1,1,0
2765,0xf381c19975f94e897d0494620be081a53ba677c0,1,1,2,1,1,0
2766,0xfb00059194cc3810e87adfa810e61bd61543a2c6,1,1,2,1,1,0
2767,0x8b7a9f69b76e0415176120444ee056bf36982124,1,1,2,1,1,0
2768,0x4615ce08525be07ac139edbc5be082e793c54d6f,1,1,2,1,1,0
2769,0xea7e16d3305d6c017e19c14e1b8382d5870d5d6a,1,1,2,1,1,0
2770,0x44b70ae56fba516b7468e4996ff4b8005d09d1b0,1,1,2,1,1,0
2771,0x737b05367cdb0b050b1c44cdc6145f85666b0df1,1,1,2,1,1,0
2772,0x7139c699c7bede7f4743da836a81d39a6436d7e8,1,1,2,1,1,0
2773,0x6a4ed3c66ae0f0cfb9cbee1955eb00c047d7cab5,1,1,2,1,1,0
2774,0x96f9208941c317729fee6f26ef4d6cd932a1e977,1,1,2,1,1,0
2775,0x3e5fabf2c99f598bd3a899026c7b8d3d412070dd,1,1,2,1,1,0
2776,0x32ba650e879e3712c8d5ffb54c516059988e7fdf,1,1,2,1,1,0
2777,0xef31677e19855787ab37a869ac96a23c4241d423,2,0,2,2,0,2
2778,0xb3a8b022afaf9ceae63a8d157f7b092293a25ec1,1,1,2,1,1,0
2779,0x30e0afafdb59967da961fc953085a66f16fda281,1,1,2,1,1,0
2780,0xe842735e8389d3aa28718f40b137272844dd9f8c,1,1,2,1,1,0
2781,0x8ecee8d6dca1960b23f7e829c40dfe8be8b5d312,2,0,2,2,0,2
2782,0xb2ba75d8f3649862eab2b4f15d7ad96ae0f7b379,1,1,2,1,1,0
2783,0xb0d231a7fd99671850603a4797e8436f007d7122,1,1,2,1,1,0
2784,0x0bca53618a6572c7fb30f1462dee2d36e5323277,1,1,2,1,1,0
2785,0x62f65fd686b65ed36953347779f8168ba83ce2d3,1,1,2,1,1,0
2786,0xb07e5dec606e256815511d4cd11b5a65ca36ac01,1,1,2,1,1,0
2787,0x77777639f22bb93b6dca1345ff659f6f8ccd6958,1,1,2,1,1,0
2788,0x3fa3c77c52f07d4814b7dd378943b2bc967c32f2,1,1,2,1,1,0
2789,0x88a71bbefbac36200713f1523b49a431aae24d68,1,1,2,1,1,0
2790,0x6301acc32836f40eb112ef27069f2007b8d097bb,1,1,2,1,1,0
2791,0x64174450c49242535b4184e3988cc4145b80526c,1,1,2,1,1,0
2792,0x748d4efa050fec0b9ba60789e1ffb1c68f412d4c,1,1,2,1,1,0
2793,0x8cc7159945a73a29bc9f273d0c35a086a13e5dea,1,1,2,1,1,0
2794,0x96fdc5749f8dce1adb20b942c2f3fdeabe35e1e1,1,1,2,1,1,0
2795,0x9266b2929d10048c9ba1470911fbe9452dafe2a3,1,1,2,1,1,0
2796,0x60fc79ec08c5386f030912f056dca91daec3a488,1,1,2,1,1,0
2797,0x721cfbca35ddd8f4125b4e08fb737fae682d285b,1,1,2,1,1,0
2798,0x7c2ed77132d8fa523ed01c8900713a451b6c498f,1,1,2,1,1,0
2799,0x1e6c02d4f25dff92b8355abbac1b9522e0a7e8e9,1,1,2,1,1,0
2800,0xc707db55b8411255c4a032d954085d7d99691539,1,1,2,1,1,0
2801,0x14d8004fd26f0f21b32ef69402b6815add2d4904,1,1,2,1,1,0
2802,0x8732afea11f2183aa43c520a11a6bad6c8452943,1,1,2,1,1,0
2803,0x4553c8e709ee1d59b5c170db576a1103328a14e4,2,0,2,2,0,2
2804,0xbd042d4f67b19d5a8d90d93465dce1fbd34a1527,1,1,2,1,1,0
2805,0xe4e052f44e8d99494d511512e8d5bb3fd1e4d439,1,1,2,1,1,0
2806,0xed894c0df5412561c26eace5ae860be9c728b3ef,1,1,2,1,1,0
2807,0x62f6995b4f774a1562042dcf882f6d381bfefb96,1,1,2,1,1,0
2808,0x49923de6585e928c21fe5c8f9260d41519110118,1,1,2,1,1,0
2809,0xc55293a32998c4a0a46f8392289b26df1ee4c24c,1,1,2,1,1,0
2810,0x3361948779c28119109238521ea6783dfbbdf295,1,1,2,1,1,0
2811,0xf1b917dc36503ba9e904f6327b698867f377592e,1,1,2,1,1,0
2812,0xbbdd1b3c87c211e482cda98ea14fa8bf50022ca0,1,1,2,1,1,0
2813,0x9f1a1c7122fe3dc9aa3575ec61a23115d510a2b8,1,1,2,1,1,0
2814,0xb45e17db9b99b571b81280e101466ea4bfa697f9,1,1,2,1,1,0
2815,0xf93fbbf7bf8189178bb124d00ba779d88db8a6be,1,1,2,1,1,0
2816,0x3327a033fa5deeb09f08140756ccf347ddfcc1eb,1,1,2,1,1,0
2817,0xcd7c33aaa9dace84a77c1d02ec2b4dddf80b670f,1,1,2,1,1,0
2818,0x77b19f5a7080b0c1887dcacbe63a141e9317a0f0,1,1,2,1,1,0
2819,0xd782e11393e3d5da7d1da996708be0274fdf5349,1,1,2,1,1,0
2820,0x8e93685b45a888f40536f48132193e483c8df2f1,1,1,2,1,1,0
2821,0x472707d6b0c6e26f2228219796afeb2f3e38f695,1,1,2,1,1,0
2822,0xcd3490c0c37af8a834fc6244c5057ea25e0e4a07,1,1,2,1,1,0
2823,0xd1579ce790d05e297cf4a1e32d434f785563010a,1,1,2,1,1,0
2824,0x2b078332c45b86ff02c33b4165998de4ee5fd443,1,1,2,1,1,0
2825,0x2b84f93121dd5a92864725dba92c4b1716908bee,1,1,2,1,1,0
2826,0x935ab0d8c81070f8198985c8a312f74caa2b38e0,1,1,2,1,1,0
2827,0x664db55fc17523698e15b75f476d329d9aed9e06,1,1,2,1,1,0
2828,0xf4d9d9ac5c384c8f53db553337945dd96d7af639,1,1,2,1,1,0
2829,0xcc37c3e6b223f108f5262b08fc8fb313d96ff313,1,1,2,1,1,0
2830,0xc23203e8ad67fb13388bf58d513fb42b490c9dc3,1,1,2,1,1,0
2831,0x0f8e481702d34334d53095487117f1801819f63a,1,1,2,1,1,0
2832,0x5041bcfd24d3a285d1b141919fa7276be6e208d3,1,1,2,1,1,0
2833,0x6c1e0c4221ec9d36cf80cd2b9b6b9b2823e4cb69,2,0,2,2,0,2
2834,0x1f43081dfbacce730298d07490b19cfe8a634236,1,1,2,1,1,0
2835,0xcb58f6eab75e27bc9c5119d4e635a16bd68da301,1,1,2,1,1,0
2836,0xfdb64eeadacf0e65b2cacb278a3463449d80b6ea,1,1,2,1,1,0
2837,0xdd5d2417c5954fdc8014ccd8dbb888da0c23799f,1,1,2,1,1,0
2838,0x7aa474dc7c5a04230fb1b0037b42bcdbf9894401,1,1,2,1,1,0
2839,0xdec6d5bda5ffee3c5f5080c63cce22396442ece0,1,1,2,1,1,0
2840,0x8ed5003d47e6b8a7024ef9cee90403ed786b151e,1,1,2,1,1,0
2841,0x7e2fb9f5f1d753c5143af098bad983db23a0a787,1,1,2,1,1,0
2842,0x93939362fec176659bb845119d81cbe507e6d4da,1,1,2,1,1,0
2843,0x4bc0a1a6a1df54dfa4634706fb194037f4d445ad,1,1,2,1,1,0
2844,0xfa2d0984c1eecff02f015296eb46d2a123a7bfce,1,1,2,1,1,0
2845,0x5188b7f9f202f429ba001069a2a4fd9d892f86b9,1,1,2,1,1,0
2846,0xb1591bfd48c9cec84921ce5909b3d3c410a4ca9e,1,1,2,1,1,0
2847,0x84572c31acdd30c03982e27b809d30b1efbcd8f2,1,1,2,1,1,0
2848,0x550511c895c06e823ff13cea13f9a355518f1fb9,1,1,2,1,1,0
2849,0x4719dd4bf407d579b044490b6f09cc05a93b8981,1,1,2,1,1,0
2850,0x304a97c9a85c92c93ca24e0a85b69f892b67355e,1,1,2,1,1,0
2851,0x0ff84f89aa16b264075911edc5e4aead20807da4,1,1,2,1,1,0
2852,0x698f42e687d10caf095da3ccbf763bb37ab511a1,1,1,2,1,1,0
2853,0xf1b04b249cdd8aa333031a1f05cff47700fd3136,1,1,2,1,1,0
2854,0x162277f7e858eccd83813aa4d9417de5fd3f2b72,2,0,2,2,0,2
2855,0x1fcb80677fc6201e798a2acbca9233e2aa138048,1,1,2,1,1,0
2856,0x238a46ffd22be95dddcc51ec23faa0774ac85718,1,1,2,1,1,0
2857,0x93bbcf3310771090e88f19057c940524bb43bbba,1,1,2,1,1,0
2858,0x81de5dc26e0a36e0b54c138f299958d01b311460,1,1,2,1,1,0
2859,0xbf979cbaf829d5977585e2ace8441345091ff4bf,1,1,2,1,1,0
2860,0xaf1df88f7055e6192e85f5fc355d49cf61b4d4b3,1,1,2,1,1,0
2861,0xab7ab9b6495072c1136f96e301bd8f8de900f119,1,1,2,1,1,0
2862,0x7805053ecb7a2124bd9605fa4089795d972c021e,1,1,2,1,1,0
2863,0x00000000000a6d473a66abe3dbaab9e1388223bd,1,1,2,1,1,0
2864,0x4aaedd8bf1bfe00ee8f7ca8a72515615000190cf,1,1,2,1,1,0
2865,0x1396b531be8bd594d3120f7bfdb04c85c5734453,1,1,2,1,1,0
2866,0xee0c4630d82f52212d4a482686105b1f10e41a09,1,1,2,1,1,0
2867,0xe8652dfc62ae48d7b610abb0bdd98fff5ac56234,1,1,2,1,1,0
2868,0x296bda78357e591219f09e87fec7a7dda83c21a3,1,1,2,1,1,0
2869,0x240e5bd335b7b6e097db9d3cb088c307be78b00f,1,1,2,1,1,0
2870,0x9b846019b351dd81f7b2aa84cfcf39af343a6cdf,1,1,2,1,1,0
2871,0xefa131b185de4f8965b9c1a6f02e6264cac36a28,1,1,2,1,1,0
2872,0x2f5fc65b9c6d1fee8ba4ca23fb2d7c363c95133c,1,1,2,1,1,0
2873,0x69b96a9425596c14c54cd03a8fd09f416b9a6c76,1,1,2,1,1,0
2874,0x1263ce9969ed80b45384ff9597e1ae2095636011,1,1,2,1,1,0
2875,0xa402d4137e317030f295c818e239502d85aa8742,1,1,2,1,1,0
2876,0x14ee8b6381a39bfeaff5e35dd1c521f2ac6bac96,1,1,2,1,1,0
2877,0x06e073332c124b9fe758dca6c5fc4ac6ed9e61a0,1,1,2,1,1,0
2878,0xe572e1ad3ebc4332bbbeef715483ffbf4639dcc5,1,1,2,1,1,0
2879,0x619656f23accbb875a70e89cc51adab9b6ba5bb4,1,1,2,1,1,0
2880,0x8c86a236f167883a77d4a3084e5897a2b5f45f86,2,0,2,2,0,2
2881,0xdfc0c5c0d6a2913149beb1e8ccb087ffe747638c,1,1,2,1,1,0
2882,0xe0dca6770223fb1c35e9d89cc1b55696a9109bcc,1,1,2,1,1,0
2883,0xca0bc5a90dd344219fddc94004733fda242335e6,2,0,2,2,0,2
2884,0xda90d355b1bd4d01f6124fee7669090d4cbd5778,1,1,2,1,1,0
2885,0xd09ee66ff01ce668d235ed4a41f64a450f7bb6fe,1,1,2,1,1,0
2886,0x3c062a61c11ee76a0f0e886663c06283b5631011,2,0,2,2,0,2
2887,0x0d8b207695f92c45d27be4d49bb7921e4059b113,1,1,2,1,1,0
2888,0xfcc5c883aeb32fc31debdb8218bb457ba9741a48,1,1,2,1,1,0
2889,0xf905e552d0851241b0693e32c7a1b958c5289d4e,1,1,2,1,1,0
2890,0xb4a6905784fe9bc4a12e74c63ced9395067d51ac,1,1,2,1,1,0
2891,0xa5487fa6177396f959f5a1741ae251c6739a65a4,1,1,2,1,1,0
2892,0x4e4901f46ca412c989b312fe78670d417cf793b4,1,1,2,1,1,0
2893,0xe0fc323e27383142c7b5aa6ff643e7fdad28b093,1,1,2,1,1,0
2894,0xf03418a01e3d6bec24b881bb939d1002cec33bae,1,1,2,1,1,0
2895,0xde9c2d33b49e34f9ddffaf9da781cd7af8c7a346,1,1,2,1,1,0
2896,0x6d7935a33d7052b95e25fa4d133085e2c02253c3,2,0,2,2,0,2
2897,0x35f2281416437a6e3f84a459673f7a755bcc9310,1,1,2,1,1,0
2898,0x4abc33cf81e0d21f42168d044f7002edd6b80b09,2,0,2,2,0,2
2899,0xa315c96c0903b6a5f0c997fdc6b257851017590b,1,1,2,1,1,0
2900,0x586710e8d9263531f3d9124af150d5da246f86b3,1,1,2,1,1,0
2901,0x9260ae742f44b7a2e9472f5c299aa0432b3502fa,1,1,2,1,1,0
2902,0x2ecfb2f430cacb4b8361e8f5a08e6c76e42410be,1,1,2,1,1,0
2903,0x04019d7c2651cdb86b48b9af823683263c24755d,1,1,2,1,1,0
2904,0xdc9e49634b3a06e6555749bb73d4d6992dbf4f62,1,1,2,1,1,0
2905,0x131755c1a8f5339282e843a2f359c38b394f2442,1,1,2,1,1,0
2906,0x0689729cbd82da5d67277011e865025f8bcd621c,1,1,2,1,1,0
2907,0xe310338ce2dded3a5daf6efff9bc4b4d313916bc,1,1,2,1,1,0
2908,0xdd87142d1831e9f6f2994124b0c3e05255d2893f,1,1,2,1,1,0
2909,0xf55290edea583bb398a5cc6f108f61c6718a7fa2,1,1,2,1,1,0
2910,0x4af7c12c7e210f4cb8f2d8e340aaadae05a9f655,1,1,2,1,1,0
2911,0xef291dd546ff6ab5adf37844e08faca40b6a6e56,1,1,2,1,1,0
2912,0x14e5b0f83c79ce7a84d8d58db6aceb69fba654aa,1,1,2,1,1,0
2913,0x86d6702f03b9e7b6d3c4895afc0384ea6142be53,1,1,2,1,1,0
2914,0x96ec433b1d02175263f121560253e742bf78f42f,1,1,2,1,1,0
2915,0x2fd798a8fcc64ba1bc62bf363a6a28f63e93d5b8,1,1,2,1,1,0
2916,0x40cdc151735b4e48befa23914bb85ad397b7663e,1,1,2,1,1,0
2917,0xf503289ad06424adfe07b998cf775cad69c462a2,2,0,2,2,0,2
2918,0x6a99dadc216a83adb0191c264a1774e82fd31aff,1,1,2,1,1,0
2919,0xf05266681fccdecad4e69566405716d4b9bae599,1,1,2,1,1,0
2920,0x15c724ce799042d6f48a5f25673c89991bf796e6,1,1,2,1,1,0
2921,0x65e39e508d5bd9f6f0aed6273269b900a98689db,1,1,2,1,1,0
2922,0x8d49821ac8ec69e4d698155a87f90e6441d374a5,2,0,2,2,0,2
2923,0xd526f5f536d3ecad3f2d2caa48513d80ec0a2d85,1,1,2,1,1,0
2924,0x1e053743a6d9e482db0d2ca481fde39b974c04d1,1,1,2,1,1,0
2925,0x71cc25e270560ab31d5d2e15e5bf896ebfc4a640,2,0,2,2,0,2
2926,0x30a1963ec5a2cfe7e36dae4aaea39ef6fd499745,1,1,2,1,1,0
2927,0xa279d8a35315c81d8a8daa66ff8ca92cee7b22b0,1,1,2,1,1,0
2928,0xce77c0c7b02804793702dd3a86c09f7c73d2a55d,1,1,2,1,1,0
2929,0x19b6c92619c7dbf80610895331b5b51436ab1edf,1,1,2,1,1,0
2930,0x1d960cddbec881631568bce2e18b9b751b01221b,1,1,2,1,1,0
2931,0x628e8a99520b944c00fdb34ec0a38bbc4b6c43cd,1,1,2,1,1,0
2932,0xd74604c7da2405cdacdcf3fc374f27131487658d,1,1,2,1,1,0
2933,0x33d72423b6a0fa80832ddfcf123762c27c032c41,1,1,2,1,1,0
2934,0xeca5a16b1fdcd2e18bda3950a952c6375e5b277d,1,1,2,1,1,0
2935,0x7e0b386f1ade2ac05bbae69e5e0bc3f7bc8155a0,1,1,2,1,1,0
2936,0x67a0c7736e72e7682ebf483f723c9801ab37c9ff,1,1,2,1,1,0
2937,0x82027b340c65cc4fa0963752f09a616d076117cb,1,1,2,1,1,0
2938,0x1567c5d902f7145a9fc49a2ce9d9f679907285f0,1,1,2,1,1,0
2939,0x026754db09ad685f24ce2aca12f0e08febc611dd,1,1,2,1,1,0
2940,0x0997bf63dd63f7cdf49b670e0ab3ff625bbae2be,1,1,2,1,1,0
2941,0x1795953240570adc885caa16721b9fe7e26f5e26,2,0,2,2,0,2
2942,0xe1df0be0320539826c5972cdae1ea337aa4bec0d,1,1,2,1,1,0
2943,0xc559f389167a035569402f1c245c2216b86616e6,1,1,2,1,1,0
2944,0x53145da8a91ffe604320f6f0b7308cb5a8b02571,1,1,2,1,1,0
2945,0x5ea61c2d641faf0368deb0c0790dd6a4ee8b23ff,2,0,2,2,0,2
2946,0x88d3a0f608c9066840feb8d9744d530f15c87374,1,1,2,1,1,0
2947,0xd68ba9f5690b2c121c047ecab296179e668d4165,1,1,2,1,1,0
2948,0x352eb2cedf327785057517fb6b6753d8d571dc40,1,1,2,1,1,0
2949,0x065cedc345917d0efab3dac00c3473cceac06677,1,1,2,1,1,0
2950,0x8aa60881dde54833fd2e2186ee7a9661440c16a1,1,1,2,1,1,0
2951,0x68ad5906fcf33d8bce299f9389b08cd4e8ecce3b,1,1,2,1,1,0
2952,0xd6a6eac516efd44d884a07b47486684725c0d6bd,1,1,2,1,1,0
2953,0x498db7e6b0cbb65fafa179a79a98b38b545affe7,1,1,2,1,1,0
2954,0xdfb72c944d319531c1ab4b6994a8d7a65697b2c1,1,1,2,1,1,0
2955,0xe97022e3e50ac76d20f5138141d79f65acf3bc82,1,1,2,1,1,0
2956,0x000000000270308035ea0e02710b2027020846b0,1,1,2,1,1,0
2957,0x2b27a40e78aae02f13ea730f2e49f28db97c01ad,1,1,2,1,1,0
2958,0x67f2a6f0f6318ac2d8a0ad57e775276623bba6c1,1,1,2,1,1,0
2959,0x61d9a9313a07b6b684ecd447d51d6e9843c97aab,1,1,2,1,1,0
2960,0x737a1a2eddd3ba5f809fbec6306598e2df0635ae,1,1,2,1,1,0
2961,0x25b13250870e92083f610cbcc1d87a56e2d83fc1,1,1,2,1,1,0
2962,0x6f7094faeefe1eb563c30163db81e162531cf9e2,1,1,2,1,1,0
2963,0x48a64adbb34837f3bf4d40bcc40c85bbca1a3a84,2,0,2,2,0,2
2964,0xd8162ce80623a08c83a89f286de2cf9647f4aa43,1,1,2,1,1,0
2965,0x1fb4485c72a87196348e108bd6afa9fdf1df7381,1,1,2,1,1,0
2966,0x484a85bd6bce83c30b7680e1822e4ddfd335e481,1,1,2,1,1,0
2967,0x9207346a1c11204504f18b459013e7591c0502b9,1,1,2,1,1,0
2968,0x093c82654c58a113aac8d704467e43e4a2788e0c,1,1,2,1,1,0
2969,0x3ab66dec5ff0a4fb1e41f786841b5687eaa15cdb,1,1,2,1,1,0
2970,0x88b19a219053ad09c0e82cd28d98316639edaf0a,1,1,2,1,1,0
2971,0x710c6797f6f689287864e119ba7c4a920c0e3291,1,1,2,1,1,0
2972,0x1bf94ace856a08c4d011f5fdcd8e3951d51c63b9,1,1,2,1,1,0
2973,0x0cc56e024e9fda80f939ab3b434d0dd76765d175,1,1,2,1,1,0
2974,0x3eefd8089cddd8d550324b37a8d881cf8aa9fd46,1,1,2,1,1,0
2975,0x9f2cc8c4c00227cc99c2ea682ef99f80314fd282,1,1,2,1,1,0
2976,0xa1de32e0f227479fafcd634ea243c30136759ea7,1,1,2,1,1,0
2977,0x89aa0d7ebdcc58d230af421676a8f62ca168d57a,1,1,2,1,1,0
2978,0x4b69c929edc7b8b911e4309e1fecb7e9c1ded9ef,2,0,2,2,0,2
2979,0x1fdc90f5648db3c70b739fb405b03415aae79df3,1,1,2,1,1,0
2980,0x640d8591a465d4828fa399b47821c7305b1db21c,1,1,2,1,1,0
2981,0x3aa5023fb131d71dffff709e8b1b9027443b2c01,1,1,2,1,1,0
2982,0xcd6b69c709d308848394874e8c66643f944e1b2f,1,1,2,1,1,0
2983,0x77cd12c2c4350af158912c839b78ffb8aec24e73,1,1,2,1,1,0
2984,0xdabd8e649857b64749d698072f50f92097b55371,1,1,2,1,1,0
2985,0x3592f06364fb1ffc68d320795dc57e742297ef7c,1,1,2,1,1,0
2986,0xad7c728f0171debe72374f6b5b0d3cb9d7b681ac,1,1,2,1,1,0
2987,0x0000ce08fa224696a819877070bf378e8b131acf,1,1,2,1,1,0
2988,0x73e4a2b60cf48e8baf2b777e175a5b1e4d0c2d8f,1,1,2,1,1,0
2989,0x1ea42a06af817a0c7c63773a6e46fe81ba65bd05,1,1,2,1,1,0
2990,0x7c02a8cadbabcb486bea63cf7792f8862ec0ccc2,1,1,2,1,1,0
2991,0xf2e4d2dbf2226408ba463722641bb61c18b84a9b,1,1,2,1,1,0
2992,0x55a1128e948b4ec21c11843b478c0aae6c75449d,1,1,2,1,1,0
2993,0xc0336b14ca2249da78b8b45b14890e825e3125b1,1,1,2,1,1,0
2994,0x54cd3ad6f24753fd13915ac6c8c27335a96b5638,1,1,2,1,1,0
2995,0x7bc5ec3a98acb1fdaf0ae1eb8a953cca894878ef,1,1,2,1,1,0
2996,0x88042fe5904a1164c125b18d055f8d5665a5ce12,1,1,2,1,1,0
2997,0x364705913b668b17f7595fba78b4e8888f5927f2,1,1,2,1,1,0
2998,0x7a1b4cad52763ff887d59d0efc76c2b2a7d28ac0,2,0,2,2,0,2
2999,0x1ce926ac0e2406431aa1a5eb210138520f24dbb3,1,1,2,1,1,0
3000,0x59591576d0ae8c1bf05c02b9f0b7eeca7156378e,1,1,2,1,1,0
3001,0xc2ddfe84756fa71c39e40ab6289b6889e355786b,1,1,2,1,1,0
3002,0xac810dc0c01f6711a39bac533cac86361418d553,1,1,2,1,1,0
3003,0x1ff37d66dd1c073bd6c4244c1477672153f2acd7,2,0,2,2,0,2
3004,0xc474b0f634bcc46e9ff26a906b409e3e53d9c9fd,1,1,2,1,1,0
3005,0xf9d6445c80b67dc62d5b1178500b9898d7bbc573,1,1,2,1,1,0
3006,0x69f407d05b88686697f0c9245bb0b4715a4505c8,2,0,2,2,0,2
3007,0x319487e1bd858d73301a85e43e095cdd79741d34,1,1,2,1,1,0
3008,0x06a860048693d456ddb51c36d39ec5881e58a488,1,1,2,1,1,0
3009,0xb3012015f5bdb3874a1b23af3eb9cf234a4940b1,1,1,2,1,1,0
3010,0xad5f22da5cea0c88d2132371525c470811454968,1,1,2,1,1,0
3011,0xd6e82daeef06f4f805392e5810f066231267951c,1,1,2,1,1,0
3012,0xc90c5eafd55dfadfd400f35e1a976abe62e37d2c,1,1,2,1,1,0
3013,0x9bc91974866ad540fcb2e2e7443f712b4f9ae723,1,1,2,1,1,0
3014,0xfc7af206e1a69f7886fb47ff8e1287fff4406d03,1,1,2,1,1,0
3015,0xaf9424cada0b22abe92e0602dfc09f3e00903764,1,1,2,1,1,0
3016,0x5d721a67ff915b9d5cd9b6d5a3ffe8c7d05daa0e,1,1,2,1,1,0
3017,0x2261e5e5be1375ed203b5d67e51151bc90c2b888,1,1,2,1,1,0
3018,0x7a1c5e9dc063a6915855247e96efab3cfc20ad9d,1,1,2,1,1,0
3019,0xf6d8f49f7540b0b3c340adde964ff04c916590c7,1,1,2,1,1,0
3020,0x67ec9835ce51c7d405a30b8b575e6debbe244989,1,1,2,1,1,0
3021,0xdc7b757d7df696b3002c4681c6e48fb5e833ae88,2,0,2,2,0,2
3022,0x487be5b2301ec6dd494f01810d14bbeede054b1b,1,1,2,1,1,0
3023,0xd9061ba5100b6fdd29c4371826311f4b14673c9e,1,1,2,1,1,0
3024,0xc51dcf6b2c9bb65d91e9a2f750e87dd8705a647e,1,1,2,1,1,0
3025,0x004bbe8190d11df362037a05cd170596366b8467,1,1,2,1,1,0
3026,0x688e1837f74cce9204fee0fa34c7c5ad60729073,1,1,2,1,1,0
3027,0xce75dccdccb409c386d42b11624b8dadae6db5e6,1,1,2,1,1,0
3028,0x857d5884fc42cea646bd62cc84f806aeb9a2ae6f,2,0,2,2,0,2
3029,0x71f951715c0d0d5af5cd2b050cc6c38e5a55f47b,1,1,2,1,1,0
3030,0xdd6b1505ce6a473eac9eb2f2c5767f351a99f40b,1,1,2,1,1,0
3031,0xae755bb47195134882ce576cd855076e4dcfbfff,1,1,2,1,1,0
3032,0x0321901e24976bb4a3ed437be730a9ef4a1014cb,1,1,2,1,1,0
3033,0x11f85ac67e3168a01ec650b2569644f18608b0b6,1,1,2,1,1,0
3034,0xf8a323e916921b0a82ebcb562a3441e46525822e,1,1,2,1,1,0
3035,0x24bf68ce8d20ecc0b0f514abce57e42d801649bd,1,1,2,1,1,0
3036,0x9c005fee9aba4be8869c578da3381fdbd6d78f91,1,1,2,1,1,0
3037,0xb53b41510bfaa7c30013864aa8ad5e8a84883a6b,1,1,2,1,1,0
3038,0x64ff68b563d150745fd15583a789b95d76bf70c0,2,0,2,2,0,2
3039,0x22c7a12ad75fbc89263adcaaa25293560fe1d134,2,0,2,2,0,2
3040,0x2fd18442feec591f07b30aa9c8a7eaba91583b3a,1,1,2,1,1,0
3041,0x5c30477ef77c403e42ec26bc2138be8648dd2646,1,1,2,1,1,0
3042,0x792d888d7276e7d228eccdaefc6a15c2a731d73a,1,1,2,1,1,0
3043,0xfdc3576436d632295175c3afa019f0cfbdd3ad00,1,1,2,1,1,0
3044,0x537a219a5435765c4f1bd5049f5217657f43e9d6,1,1,2,1,1,0
3045,0xfb77935bef958af6ae61ec5c80629bab360668c3,1,1,2,1,1,0
3046,0x0d51d9b9f87f822414f1059dd310be83e545a8aa,1,1,2,1,1,0
3047,0x383631da5741f7b5e1a44f38d86e7f0b6b4a829b,1,1,2,1,1,0
3048,0x5c584f7b6dc147d39275e3ff2cacf2c9371e566b,1,1,2,1,1,0
3049,0x0bc74481c6a4dcffa2d4fc615a53408eafa50a34,1,1,2,1,1,0
3050,0x8dbac7310f92096512d1bece2a7b1b0ecda5f063,1,1,2,1,1,0
3051,0x47eb3ea17005db59224b495f0de37b1996043992,1,1,2,1,1,0
3052,0x86ed42e1b942b0d314ed2864ab7879d425f11298,2,0,2,2,0,2
3053,0xa91fe56c41e98a702c021715ca9ffca26bd358dd,1,1,2,1,1,0
3054,0xaab4667dd4a832e2a8072e51d527af07425da7e0,1,1,2,1,1,0
3055,0x77f779ab2bdcd641eda87c66f6bb6dde44d449f1,1,1,2,1,1,0
3056,0x1ec99fd16a034da8ffc747858f8ea74daac0bb8b,1,1,2,1,1,0
3057,0x8ba024c40660002e309eedae395c6b483d60a695,1,1,2,1,1,0
3058,0xd4228bef90531103c70489c5270102cdfce993c3,1,1,2,1,1,0
3059,0x7b467ad59008b8435e46a150d2318da2af84f068,1,1,2,1,1,0
3060,0xa96edca564a891d7a000359da43195b5c7229f89,1,1,2,1,1,0
3061,0x7795c0475faf6c360c4a5748173c72c4f27424f3,1,1,2,1,1,0
3062,0x1525016bfc69a6388042c43c70ab80924a2272d5,1,1,2,1,1,0
3063,0x1d6799a9705510c18b982f04e6cc2b6bd183c094,2,0,2,2,0,2
3064,0x7fb653f2f5a3ffa425f8e9a9efdff6778217ae26,1,1,2,1,1,0
3065,0x51081554a3637d5fdd58cde93610528b24bd7489,1,1,2,1,1,0
3066,0x72f1c8601c30c6f42ca8b0e85d1b2f87626a0deb,1,1,2,1,1,0
3067,0x949e2988b857af2a3c9429e763d13202b7b25c88,1,1,2,1,1,0
3068,0x6e15276248be70a3d1bcfe2852e75b81a9d6eafe,1,1,2,1,1,0
3069,0xfcf81069eabdf98ce02c9fc3510e5c64135772ef,1,1,2,1,1,0
3070,0x206f4941dfc24bde7de12820adf5c67d3730f586,1,1,2,1,1,0
3071,0x4dc080b14993d0c02c7d91dde86fb3825a46ca60,1,1,2,1,1,0
3072,0x35fe9f54f63c6765b16292ba9a17d6808ff6eb6c,1,1,2,1,1,0
3073,0xba5e26770db2706c13da908b207431172012acd3,1,1,2,1,1,0
3074,0x95f4e0f6062cdfd5e34005c8acf143b7ce771ce5,1,1,2,1,1,0
3075,0x04c22b8292af888f0d905b5e27610c19652388ed,1,1,2,1,1,0
3076,0x06e2f5acd78d123d1a09bb9633f34a72e5666666,1,1,2,1,1,0
3077,0xe1514c968e63a3d11b53ec8fb8b4439bd1cc919e,1,1,2,1,1,0
3078,0xb14130755bdc32f3540b8ff1ab417304c80d0eef,1,1,2,1,1,0
3079,0x30a04bf00b0d0aae4f654a56b947650eef910300,1,1,2,1,1,0
3080,0x72a7d01f3ee0ccc6b2d527b4fc593b338a54c82c,1,1,2,1,1,0
3081,0x8093fb4baf731cb822ccbf1366cbde602d0610d7,1,1,2,1,1,0
3082,0x29ae04dd09057d8d7e57bc878e4bb33168e0a45e,1,1,2,1,1,0
3083,0xc43adbfe47db16d23f140d24d2bdea5f8c616822,1,1,2,1,1,0
3084,0xc6b51bec7a2053f330fefbb4e8d66033def5f6fd,1,1,2,1,1,0
3085,0x3cbac2f81b6d2aed9448ef952d1902160380122c,1,1,2,1,1,0
3086,0x0daef89a7d468ef86fcb6df8cbe5d3e9ff4355f4,1,1,2,1,1,0
3087,0xfce3754e75d57778ac509642fa0f6add3d8ddd92,2,0,2,2,0,2
3088,0xa343496613fd345c50c7b4e363dd423d25989048,1,1,2,1,1,0
3089,0xa58cc23a546b6ce08ee258cfb54d92d4cc151ba4,1,1,2,1,1,0
3090,0x176562764cf9e7e46cb8d1d7ee2b0e6908b7dfd6,1,1,2,1,1,0
3091,0x6bc02c7c678e3ae896de5b0e28e71de899fc5869,1,1,2,1,1,0
3092,0xa66952f6c12e724c29eee6a40ea26ebf67d834a1,1,1,2,1,1,0
3093,0x488829c889abc6a3b01c6db68966f1638c6f6a2a,1,1,2,1,1,0
3094,0x3ab21268edbfa002b41939efd9b482ea2e8b33ad,1,1,2,1,1,0
3095,0xc79ead066ba487398f57f6083a97890d77c55482,1,1,2,1,1,0
3096,0x20bbeadb83e448b0bd0e48b9164a837b71aa2be4,1,1,2,1,1,0
3097,0x01d843db88d4b6b292fe1fabf9f38e30e9e33bd2,1,1,2,1,1,0
3098,0xf7f6f7ec25c52c3e4794c9e2d32020ec00c07dc2,1,1,2,1,1,0
3099,0x59ad46edbb8266b3280502445c3eacf7eb54690e,1,1,2,1,1,0
3100,0x324e0fa3b2a6efb2b233e7cf030e9845180cf7d2,1,1,2,1,1,0
3101,0x4567cb01a2c83d4abe26ed2caecfdb3fb142b082,1,1,2,1,1,0
3102,0x2a73f96dbcb56bbf0ae892e5e17d9f5589aa4e6e,1,1,2,1,1,0
3103,0x5a35282125647253afd8af1a43bcde757bc10b3b,1,1,2,1,1,0
3104,0xffd06caa72cef7aa6798f0feb8b1aec097b70304,1,1,2,1,1,0
3105,0xae1360c94eae420b023eca813696e422d147c3f2,1,1,2,1,1,0
3106,0xcaf81d4aeb1aa28ecfee11f6c43b3e30b7c220b7,1,1,2,1,1,0
3107,0x0595297e8838cbdc51c9fba7e5c516b7a7c21470,1,1,2,1,1,0
3108,0x56c5d1c498d41b2b2302c737445716c861e21e8b,1,1,2,1,1,0
3109,0xd6a710d262dc91943c5bec00f72f04014350af2c,1,1,2,1,1,0
3110,0xf108a047f721c36369dcba5137752bab96c532fb,1,1,2,1,1,0
3111,0x60d1810b15cadc39e9923f9f74460de6a01ad44c,1,1,2,1,1,0
3112,0x26e4a7251a28d50c7b26dbb20811fde25089729f,2,0,2,2,0,2
3113,0x7db73a2ea36ecd18d31c8251cd472d619bcc9e8a,1,1,2,1,1,0
3114,0x1f13a5dc44911ebd98ea1b55ab5b7b2a99acca14,1,1,2,1,1,0
3115,0xfb0ef539de084540d22a3adfb6695c745eec322b,2,0,2,2,0,2
3116,0x27c30763dcef725e4cf55ff22a7294cf1e00cd9d,1,1,2,1,1,0
3117,0x82e93455db09013d8b4070a6e29a4b51bfafa102,1,1,2,1,1,0
3118,0x2784d9d3021eb23919e2e5383a15087c6c45daa1,1,1,2,1,1,0
3119,0x5fa9b5b9cde9a7d7f27e61522da3b2dd728e1ab4,1,1,2,1,1,0
3120,0xef6dbfb522fbf94358a98b13d2d6da1b9fc64c04,1,1,2,1,1,0
3121,0x99b379c917c58960ac43a75ccd513635c15d1777,1,1,2,1,1,0
3122,0x9ff0d37ebdac4cf853373066bc156515060a70cf,1,1,2,1,1,0
3123,0x7951b6f5533a43e2bb09b9a2530a73b6455a4982,1,1,2,1,1,0
3124,0x321a667c97ca56d62b57be1a8477f978efabd72a,1,1,2,1,1,0
3125,0x510ed8c91250c0c6044235d81b3977aca0f9d691,1,1,2,1,1,0
3126,0x6832f1471fe79955008ea7fd2e9b58c15c66e344,1,1,2,1,1,0
3127,0x904fcc3fd2a269983e2821a087e72525b8415a9d,1,1,2,1,1,0
3128,0x8d27e12c73f1415c01160bbc6a4cf0e19726007d,1,1,2,1,1,0
3129,0x341eae3eb086a09e8570a472b7333584f9fb3fea,1,1,2,1,1,0
3130,0x8467f6ae8bd71a24002ff29e1993e1d05f7abae6,1,1,2,1,1,0
3131,0x86addb16dfa8edea5104285990a8757826aad550,1,1,2,1,1,0
3132,0xd9b067da463e656caa2dee8c1438afdd30dfc32e,1,1,2,1,1,0
3133,0x9513a80316bae8997e86551bb23bf918e89f5fc1,1,1,2,1,1,0
3134,0x3754469fb055400c816e4f8ec0223912cd9fbc7b,1,1,2,1,1,0
3135,0x714d7baf5067855eba892296b6c6d94a09857010,1,1,2,1,1,0
3136,0xcd34087a3e13fcec3d42ad62ea4a1c6ba4db35f3,1,1,2,1,1,0
3137,0xf35abeff1c7fe158c2362db889a8c00d4296354b,1,1,2,1,1,0
3138,0x0e0e3af1144f0cd4cb5fc208719fe4382f1e17b6,1,1,2,1,1,0
3139,0xf4bd191f6507eb5582116c96f30cdb4f520efd19,1,1,2,1,1,0
3140,0xda2a0df60d56a7461ff293f18bc0c6c0e9a9d8d4,1,1,2,1,1,0
3141,0x343f1c529765464242f15440a7cdb76a28397c39,1,1,2,1,1,0
3142,0xc8f7643165302508e669a64d39d767f851b477d0,1,1,2,1,1,0
3143,0xd9b92d84192edd57cfea86065010c19ea6e87c55,1,1,2,1,1,0
3144,0x136518613979de7e1e4d50f8909897a46e0f7325,1,1,2,1,1,0
3145,0x2619d62b369c7ffb767dc960fafd9dd58383b97d,1,1,2,1,1,0
3146,0x0228aca40362f58092c3dc6c3b5e23690f91e37f,1,1,2,1,1,0
3147,0x626878efa0e2ef2721a38e398d56e29e8c86fcc5,1,1,2,1,1,0
3148,0x1be58857d68a9874f4728d94b0eb294ffd086582,1,1,2,1,1,0
3149,0xe74fa2fc8dabf8e5117d20b82493f05cd69c874f,1,1,2,1,1,0
3150,0x6b38b2f7f357cf97bd58eb5d2f94e3cdc8a7e70c,2,0,2,2,0,2
3151,0xb69267085470e0160100710c32dfb1ff87002dad,1,1,2,1,1,0
3152,0x452cd1f426193f56db6ccdf9f75cec63304d8433,1,1,2,1,1,0
3153,0x92a79d94c0850738722d0c3fea67b7fead41dfad,1,1,2,1,1,0
3154,0x9e9466f6e8dda33a00917461f71cef1bf12f2dca,1,1,2,1,1,0
3155,0xd04cf895a0fdd8259e6accfc228726e5d254d23e,1,1,2,1,1,0
3156,0xa6c0f7bde119930fb919ed02f8155887ecf0d756,1,1,2,1,1,0
3157,0xa14f10df35dfb392905c4872be618b3849f81aa5,1,1,2,1,1,0
3158,0x45afe933cfc9a13fa668ad79f9605b7063dfdb92,1,1,2,1,1,0
3159,0xe0b3ff8a3d6418e0bc09d8a6ca81d8d11a01ede6,1,1,2,1,1,0
3160,0x99222201f28e82c399f1bc41c046c7e4501bd1a0,1,1,2,1,1,0
3161,0xc6ea4c276275b69e0304e77d81a0135b0bca4408,1,1,2,1,1,0
3162,0x893d3944fc1c1115035586097e61ba1bc63d2603,1,1,2,1,1,0
3163,0x13a36cd49f4abae43c3abc5b88629d6aecd82dce,1,1,2,1,1,0
3164,0xe71a126d41d167ce3ca048ccce3f61fa83274535,1,1,2,1,1,0
3165,0xb87bdacb500be2632bfdf6651ed5767baafa80df,1,1,2,1,1,0
3166,0xa8b44d98f6092529deb51fff42a69ebd00122409,1,1,2,1,1,0
3167,0xfa42d7f197f2793cca274186a4bdbf6ade5a8884,1,1,2,1,1,0
3168,0xcf0e3b7b18953afc3e96fe5fe1fc6d6cb7becbc9,1,1,2,1,1,0
3169,0x65e5cc34b92e6dfa3c708c7911ab11ad4f65b54e,1,1,2,1,1,0
3170,0x6dfa873c55f638449ce58fd88e11c9f5fdbaf315,2,0,2,2,0,2
3171,0x88cee4aedcbf52ebc05786693852ee57a8c2c828,1,1,2,1,1,0
3172,0x15c4672875c3dc7e7f1138262a53e1a365cf9a00,1,1,2,1,1,0
3173,0xf2264966b4ba1ce5b499ca09de8d21a791b99b1c,1,1,2,1,1,0
3174,0xf63be97ff407e614f9db7e7ecf8ce1b087b5f644,1,1,2,1,1,0
3175,0x73b58fe27a79673f17bcf502cd5c14eef6c825d4,1,1,2,1,1,0
3176,0xfefdbf6e134f4fe170edc81df5fda47532242c7c,1,1,2,1,1,0
3177,0x3893e707ef23ad48c89d4af55d289a61f42a2535,1,1,2,1,1,0
3178,0xe2f5d8b60cd30b06e48b1dade0dbe49196639baa,1,1,2,1,1,0
3179,0x47c81cc164230f4c90c727c5ef82cacd6ac91388,1,1,2,1,1,0
3180,0x7e31e8e243e3a0dff1ff6ae91da81d51efdf05d0,1,1,2,1,1,0
3181,0xb870fe92e6cff226469ab091a0785b056ab72008,1,1,2,1,1,0
3182,0x5a89caaaa8e1208cd8ff9b5f8c791accb5f7371b,1,1,2,1,1,0
3183,0xaaa19ce32ea88d43d2a4799e4a64a587fb22eb6e,1,1,2,1,1,0
3184,0x13a783a774a4849e41e495cef4cff201fde1f740,1,1,2,1,1,0
3185,0x4ffc5f22770ab6046c8d66dabae3a9cd1e7a03e7,1,1,2,1,1,0
3186,0x123e3cee5afbdbe6476e5d907a41688bd0b80ad1,1,1,2,1,1,0
3187,0x81aafaa45953298faa28d86939affe5ef8321a20,1,1,2,1,1,0
3188,0xc15c7ae68c860465d12b3ade007794a939907b80,1,1,2,1,1,0
3189,0x8e4052418aa50a3674f8596accd9484d70ef7c57,1,1,2,1,1,0
3190,0xad16a6dacac20aecb1ebc9efcd461b4c142d5b70,1,1,2,1,1,0
3191,0x28300ca36b87dd0f1a9be49d247cd40c332f4e0d,1,1,2,1,1,0
3192,0x95b2b6302ed23a026946637a30010d792375b4d5,1,1,2,1,1,0
3193,0xdc55ee0a6a238f8ca64cabd45b4491fc9037f203,1,1,2,1,1,0
3194,0xdbf12acb93d8fd935d37314f325be5a49be8e49e,1,1,2,1,1,0
3195,0x085c2258fc91323f02423b3199492abd6d01c137,1,1,2,1,1,0
3196,0xa0a59da94f30e8b615591a9d1aa6cd9bbb3e28a0,1,1,2,1,1,0
3197,0x29243eabab8120c439efeed28c153fb67485bfe7,1,1,2,1,1,0
3198,0x9f525992657d6d611e7491847165337f9d0b5bd8,1,1,2,1,1,0
3199,0x352a45cc1aa286c643a9471a04435dd88a027d88,1,1,2,1,1,0
3200,0xe06ce2ca5418f0763e9091f5bb348707a1b65bde,1,1,2,1,1,0
3201,0x61f590ebb68d420f80aa4f6f421a3bbf8fe05380,1,1,2,1,1,0
3202,0xe948ed09e81583c6db6d67b7d7a44e2e91789555,1,1,2,1,1,0
3203,0x7228dc997fdf0fe229bb7fe61f1de55b2bfb2074,1,1,2,1,1,0
3204,0x4892bfd55bdd0b1fa6d4322d99a78c0e037e11f0,1,1,2,1,1,0
3205,0x7df457aeb09c90ea3554b12077f8fe6dbdb081e9,1,1,2,1,1,0
3206,0x73ccca7296dfedb88bfd68ceda833d8d79abb35f,2,0,2,2,0,2
3207,0xa7186856cd357ef1127a412b7f2865d0658a46bc,1,1,2,1,1,0
3208,0x6f35c4ccb1710bb58f6fd8323a6ccf9d4ad9e2ca,1,1,2,1,1,0
3209,0x2014c9da0ef0bbf091f292dd455409701b01a737,1,1,2,1,1,0
3210,0x5af1be892b4108cbdbe7c2153f9766d7a4b589e2,1,1,2,1,1,0
3211,0xc145414460edba004827e34c9eec61eaccdce237,1,1,2,1,1,0
3212,0x55550c03b0c9b87002c4351e1958cc588578a5fa,1,1,2,1,1,0
3213,0xbb463d23c580ba6527186e18edec74786a273247,1,1,2,1,1,0
3214,0x1e811f8af8a70205b7e5de9cfaa404df54055203,1,1,2,1,1,0
3215,0x07ec3322cc8cb577ff751df962979bf371639dca,1,1,2,1,1,0
3216,0x062c1929520c0b787762dd18d95aa41a785cd088,1,1,2,1,1,0
3217,0x5f1d1c385d8e934268a3a4fb49816c6d06724c00,1,1,2,1,1,0
3218,0x5e3b74fd469a70afc7aef33b01955eada05dd32b,1,1,2,1,1,0
3219,0x5076e1141d0947e22eb1c38d09e918b1c01ba3c2,1,1,2,1,1,0
3220,0xd2de0c534bdf0377ec0b61d196ff519b116ed6c2,1,1,2,1,1,0
3221,0xcd415ffd988c5421cd25e2557154506045a42283,1,1,2,1,1,0
3222,0x65901200f3201c6e6ae54e1efbbe89fb7dda6ddb,1,1,2,1,1,0
3223,0x76ef4335a0049768940314f6f1416906c819347a,1,1,2,1,1,0
3224,0xb2b08423e404e637e2a347a9b5b457882ba496d3,1,1,2,1,1,0
3225,0x5f094eb818eb864a53ee571d3fe42b43762e377b,1,1,2,1,1,0
3226,0x2dfb6c27ef4b63bd85616eaf0ecbfbc9441088d5,1,1,2,1,1,0
3227,0x930789fb53589be49883f0d9e58da0f09d78dffa,1,1,2,1,1,0
3228,0x2af3f5a0f27d125b799d68794953eb3c3aa364d8,1,1,2,1,1,0
3229,0x7d3d55b3de57789fe744ff24924dc8609c39f01c,1,1,2,1,1,0
3230,0x7c846e2487a8b6ab7a4ceec6a2073c5ce388e2ff,1,1,2,1,1,0
3231,0xc7d75ccdad8c368382e490ffd64b7ee2c2a0bb62,1,1,2,1,1,0
3232,0x986204cc94428354885e237d87dc0ff9836dfc89,2,0,2,2,0,2
3233,0xfee069692c5a48ede946900ad8ddc13e76ca2f3f,1,1,2,1,1,0
3234,0xe994ed0673703eb613c8a01f8c4b1fa5ca517c72,1,1,2,1,1,0
3235,0xe03bf98dd5b69d6070875b9f19cbd2ef38ef20f2,1,1,2,1,1,0
3236,0xf0e9d9b6f9676290143b845e1eb26a13120fc63a,2,0,2,2,0,2
3237,0x675e21a002f7acf5caa0b12e02323bd4f5af0833,1,1,2,1,1,0
3238,0xc363837212bae1b6ce4ec2ff489d31c623688ef3,1,1,2,1,1,0
3239,0xd2927a91570146218ed700566df516d67c5ecfab,2,0,2,2,0,2
3240,0xd979ffcae971bc45ab29e838a3c57a024814e05e,1,1,2,1,1,0
3241,0xc12311c16228d424c9ca082b4e0c5207dbf26901,1,1,2,1,1,0
3242,0x3142987d49ad38235b270da41e7dd5c387e3d7ca,1,1,2,1,1,0
3243,0x4a9fdac342413ee706f933d41a761eb776938a73,1,1,2,1,1,0
3244,0xa226593da49d47e60821b4a7ffc30b79ce966a42,1,1,2,1,1,0
3245,0x33f99cd0e3c56a6852d4627455296f30f2851772,2,0,2,2,0,2
3246,0xe376591652012958296193ce1dd13d5607071964,1,1,2,1,1,0
3247,0x872b6c97bd7b73e7c700442a2a5415435c2317e7,1,1,2,1,1,0
3248,0x9bc83dd1c98b5df584ac7630038a7afae47e3c41,1,1,2,1,1,0
3249,0xf57c1a05e4c512275650f75ad2b8074700017f0b,1,1,2,1,1,0
3250,0x20381e5af7e8f75daf7ffb020444cb2fcc7a12c5,1,1,2,1,1,0
3251,0x6c6fa0c7461cbed98c9b977b1914dde694837344,1,1,2,1,1,0
3252,0xa22b1a3d2ae3719fce4411cc84243ea6a2166460,1,1,2,1,1,0
3253,0xc10535d71513ab2abdf192dfdaa2a3e94134b377,1,1,2,1,1,0
3254,0x9d3bea971d35027e5e1472a871f97e3b238f37a9,1,1,2,1,1,0
3255,0x71e2788b29e032226e6d3b6e5b35490fd3e478c3,1,1,2,1,1,0
3256,0x8fd6fd793545fbcafd3afd3576f70464c11bd5fb,1,1,2,1,1,0
3257,0x5c2c3764a4ba0a4ea4b81532aa48e3a72ad0655b,1,1,2,1,1,0
3258,0x0d53eed5194de1e6af35943453280697cc71d91b,1,1,2,1,1,0
3259,0xf14274237c7f039fcc7e08546a5e9726e8e2d888,1,1,2,1,1,0
3260,0x977845e404918808ec8cdd57c448d7f9834328a2,1,1,2,1,1,0
3261,0x27aa3bb39ce7bddb868edc907828bf2c69036ddf,2,0,2,2,0,2
3262,0x21ba9d4eb2d9a4c3c575fd69d6cd0387c6eea07d,1,1,2,1,1,0
3263,0x6d73c335962070003a1e2c48bdc5ad27a93f079a,1,1,2,1,1,0
3264,0x466ee053873674427b4190dcbf6a216111f70746,1,1,2,1,1,0
3265,0xeff04a7f8d4433d1dcc00ec9becb19c73212e3f2,1,1,2,1,1,0
3266,0x1f2a26faaca209e105c35e20a666f92c5e455d77,1,1,2,1,1,0
3267,0xe12d731750e222ec53b001e00d978901b134cfc9,1,1,2,1,1,0
3268,0x058b3841d37bf378f2305f452bcb3812b2e98177,1,1,2,1,1,0
3269,0x90fbc8ddc797691229d3cac133f0599060bfa659,1,1,2,1,1,0
3270,0xcf3aa9cdf475358c72d057b95652f887f24caad1,1,1,2,1,1,0
3271,0xd8fd484dc41cdbebcc5527a41056060791aba524,1,1,2,1,1,0
3272,0xc0b6466693f3422bc92e84bf37c186b264bd96b2,1,1,2,1,1,0
3273,0xb997887bfb6ddcb188b5f3693a15b3111f2f791a,1,1,2,1,1,0
3274,0xd1ab4c2df29277eef2c1b3515d9abdb2859e58da,1,1,2,1,1,0
3275,0x01ca54efcc75ca325f6c586abd0386e16cc72d2e,1,1,2,1,1,0
3276,0x536318b75b26322d0f423d69e6d86cc97a45ab79,1,1,2,1,1,0
3277,0x298792c36865548c86cb8cf4dcdbbf33a77989fc,1,1,2,1,1,0
3278,0x09fc700c0a1455f7273c544986922a949cd01cbd,1,1,2,1,1,0
3279,0x0e915d48c85a6c8a4a1f8ebae7ce1ffb0db5ead4,1,1,2,1,1,0
3280,0xb2b6b71d3200bd3558a59d7cc29e36c3446187ae,2,0,2,2,0,2
3281,0x13b00b6576fd7ff5029aff4b5fddd05674e5c6f7,1,1,2,1,1,0
3282,0x50a269ff3238db9c60ac2205cf5268e009753de8,1,1,2,1,1,0
3283,0xd443ef4b553b937113028a43466f902b17ea5ab3,1,1,2,1,1,0
3284,0x3b2d09097d9fb9fd2aeb4e3462d69b586decec0b,1,1,2,1,1,0
3285,0x3f67bbf314c2fca7808dba7f7156e5895ac0bc14,1,1,2,1,1,0
3286,0x3e27d0cee58273fff8053043963d0c49bf5dfee7,1,1,2,1,1,0
3287,0x1ce99932fd278e00911814dc4bd403e1293d8ed2,1,1,2,1,1,0
3288,0x52a84d59373684a7696d8a39306f8a44bcd4241c,2,0,2,2,0,2
3289,0x8c85f4b81e6e43a81d4ff42e7bdfc8e4d34cb369,1,1,2,1,1,0
3290,0x7cffbbd62f53aa1fffbfae58bb50bbb193d2afa9,1,1,2,1,1,0
3291,0x7b26ae9174075feba760b39ef44ca5a18ee2ce1b,1,1,2,1,1,0
3292,0x54766187e70b5c8f75bfb1921a2b3e2a3117e47f,1,1,2,1,1,0
3293,0x10c1920bbe47a9806eae7082cdfe93af33ae369c,1,1,2,1,1,0
3294,0xedb8aef73d12bd3652da42ef6275b098e1faefc6,1,1,2,1,1,0
3295,0x4c7984bd3999ca90eb16914bdd9db436a2a8a66a,1,1,2,1,1,0
3296,0x9a1ee56592a98aff75abebc3ab95e8af712d8e31,1,1,2,1,1,0
3297,0xfc137ea8b0fa4193f18c1a24449287d9015ecbef,1,1,2,1,1,0
3298,0xce53e7dc430f010fe01e52a20bac39a59dca2826,1,1,2,1,1,0
3299,0xf3dd450b30958c820781873c3287ace1e4424cac,1,1,2,1,1,0
3300,0xd791427e372186e90637caf1d6d6afb054beec7a,1,1,2,1,1,0
3301,0x1eebd2f9ad2675e127e5074fc489e5489a8ca481,1,1,2,1,1,0
3302,0x0551eec9820a6cd9fcbc10526c09f3f659a9b8f8,1,1,2,1,1,0
3303,0xec9c9d76283766ccfe8901b2081abaecbe13d5d4,1,1,2,1,1,0
3304,0x10a2e2eba934c9d494d49b1847eeb103f89746f0,1,1,2,1,1,0
3305,0xfacdc8b7f98bf21bbfcb2b5d0ae97852a038735d,1,1,2,1,1,0
3306,0xc45c740e7bb99c22379645351f843771b4a28a84,1,1,2,1,1,0
3307,0xe1b22a9e3b3cd5f87a3f034311d330d731e73b14,1,1,2,1,1,0
3308,0xe31a3e7c014b180e0eaa4bc083cd8ab6a5a9623e,1,1,2,1,1,0
3309,0xa5e3e1f11091ab952e990e72fc9445965c72f33f,2,0,2,2,0,2
3310,0xc9a179f8b002d047cb909235e307c7b3ff384378,1,1,2,1,1,0
3311,0x3d0e98e7cf524f0c0d027204ebedc72466173e3a,1,1,2,1,1,0
3312,0xe73fa378100cdebd58abc85ba96ae526f223cda2,1,1,2,1,1,0
3313,0x29974f6438ded317718744be42bf560664031ec7,1,1,2,1,1,0
3314,0xa06e60e6fbd749a82d09b7bdccb6b23cdfd8a6a0,1,1,2,1,1,0
3315,0x02469e7afb9e193f40790c25811c5970050ebffe,1,1,2,1,1,0
3316,0x7ab7041bc05b81b751ba1d36142c040542dae206,1,1,2,1,1,0
3317,0xe6c94a0fe87e0ab5c76f240a427696dbddf598c9,2,0,2,2,0,2
3318,0x680d3a34e499c72d247dc1af57053fdf80898b33,1,1,2,1,1,0
3319,0x55e40a0a89bb45731e88ddcd869d8dcace01c394,1,1,2,1,1,0
3320,0xd10a0eb797f99cca870690f5e647f533dc4d93f3,1,1,2,1,1,0
3321,0x2433dbbbb9f6edf74ea9088255ba8286b43a036f,1,1,2,1,1,0
3322,0xf4fe457cc06f1860443fe28c66aaa86b611a9ebf,1,1,2,1,1,0
3323,0xadc0a789f09f3a936b370df8a1880527ad86222f,1,1,2,1,1,0
3324,0x5db1a08e5caddcda172effb95f104d913c4e45de,1,1,2,1,1,0
3325,0x15e8d7bd0769ab96b0e385c441bed3a9a21d190c,1,1,2,1,1,0
3326,0xa22dc1a19cae02a7b1372465cee9ed67a76a81c7,1,1,2,1,1,0
3327,0x2b4b676397a75746b77b2f5999f106929174fc01,1,1,2,1,1,0
3328,0x1ef5033103828df7556793177aabe6ade136fe1c,1,1,2,1,1,0
3329,0x05efe3fe9eebd2d56759b52f6e9c2e4ff5c43c64,1,1,2,1,1,0
3330,0xa54c9738e8f39ed4bff05fc1b4718359450554e6,1,1,2,1,1,0
3331,0xd4dcbf77cfa94a9658bfc7ed02b8580dece04eaa,1,1,2,1,1,0
3332,0x52ec89c04b0709d8a0be9584c5bb63bfe96f83a2,1,1,2,1,1,0
3333,0xe47a6e20447a9e64cd6ebef7e576a8fe7f04d09c,1,1,2,1,1,0
3334,0xeb2731794a9627db5fded25e7f8bb977fad767d7,1,1,2,1,1,0
3335,0x6edc12e6954a6c26b3f73453039d3f15b2f1720d,1,1,2,1,1,0
3336,0xcb35ed94efc9fe68b83360e6fdea4deaca5856fd,1,1,2,1,1,0
3337,0x93c4732ba6ad00b1923c40b213162f7a654291b9,1,1,2,1,1,0
3338,0x86301d3dc6822a475685d0fa5e6bf0bbfe66b73c,1,1,2,1,1,0
3339,0xa3ecd3267eb724674ee3f28a883f908e2142b6d2,1,1,2,1,1,0
3340,0xe50fb1d6449cabd9bf709f357b766ad573e2e726,1,1,2,1,1,0
3341,0x91c1b815357295d1b54ae8c09d681703067ad504,2,0,2,2,0,2
3342,0x1dc4012c200444541ac263894590779a8c3ea64b,1,1,2,1,1,0
3343,0x769ebe155dfa8b7f5ec6b1b138f4d7e741774e64,1,1,2,1,1,0
3344,0x9c60e159269640bee4cd0e49a7aacf8b6444453d,2,0,2,2,0,2
3345,0x148c3a0490cf722262aa4c786a3816801e3fa632,1,1,2,1,1,0
3346,0x8e88b451cec7bffb0d785bd51d529602a5c950b4,1,1,2,1,1,0
3347,0x962889273705a4de31aadc3e8e49284e16c8c8e6,1,1,2,1,1,0
3348,0xa417100ddcd35787e6c0598e63db45ef5ecca567,1,1,2,1,1,0
3349,0x61d0ec3b806e4ae7a88abd82b9aaaa21f1e15d18,1,1,2,1,1,0
3350,0xa52729480c70b8963f2ba4181f42ed45a1da4386,1,1,2,1,1,0
3351,0xf668cc6cde8ae8670d90400c32efd78c8d6e243a,1,1,2,1,1,0
3352,0x2172b9a5824a73c6b356b4960c3dcf5c7a35036a,1,1,2,1,1,0
3353,0xc315f3c6348ced4cef570e0874e73a6276f4488f,1,1,2,1,1,0
3354,0x782db3ae31a7406849c84f9bb0189defdd26b4d2,1,1,2,1,1,0
3355,0x5053d3062337d7e3fbacdf610d87858b62a05b00,1,1,2,1,1,0
3356,0xd9d24d5b8b6e649d696297bdef3bffb5be90ff49,1,1,2,1,1,0
3357,0x17a9d2df8f44b35e49204a2b2520c69f370494e5,1,1,2,1,1,0
3358,0x07d88d5ce2653156af921935ef1642a70cf30567,1,1,2,1,1,0
3359,0xf8a11e7bc7c9306e821f07b60b5e6d2075d82ff4,1,1,2,1,1,0
3360,0x3149ca01b2ea381b622cf9953b85427a05f3d523,1,1,2,1,1,0
3361,0x4b63c891aad2693f25cfc450be62170637c42ea9,1,1,2,1,1,0
3362,0x294d41d029059022b879506498b1a8b4afeb6702,1,1,2,1,1,0
3363,0xbb74239e6b33857523ec9b37a33c8fdf1d25d127,1,1,2,1,1,0
3364,0x084538bf6ddd237a8bfdbc1ae52f1263f82f1af9,1,1,2,1,1,0
3365,0x104456a2b819097669ad41d348b626a689f6d9d5,1,1,2,1,1,0
3366,0x7bc1206375d60228550c1d083b1210921f3003db,1,1,2,1,1,0
3367,0xe3a591b751440dcf47922e2294a7305e781323ff,2,0,2,2,0,2
3368,0xdde74f034163192dd2170bb56b9cac2d45ce0a36,2,0,2,2,0,2
3369,0x393b2b00e3d6ada4b5b0eade027c6ae0def6ae62,2,0,2,2,0,2
3370,0x799ecde602c2dc07dfa1a86e0c2738a77fa6cb6a,1,1,2,1,1,0
3371,0x6e67119c47bd9a06f196f917e6003f04bd07918d,1,1,2,1,1,0
3372,0x9ee14b0b99be5a02bbf2de0138159a9638f9f57c,1,1,2,1,1,0
3373,0xc7e75fa0e8809c68ee2965d84631382e7d69fabe,1,1,2,1,1,0
3374,0xed074331c9b6bb964b01727cf473050a16bcdd9a,1,1,2,1,1,0
3375,0x36273f0ebb88e51fb33ded3c54cd3ab61274b0d0,1,1,2,1,1,0
3376,0xe4ed550b966912a13aaa2c3702b8f269d505cd19,1,1,2,1,1,0
3377,0x67fbc11dee06f4f204a951e0791d6c3b3c2e1059,1,1,2,1,1,0
3378,0xc89c16e170b738855ee5f12a9a4c4f83af86db22,2,0,2,2,0,2
3379,0x8da324f75c882f561a5d44bbd0b1bae26ed17a79,2,0,2,2,0,2
3380,0xdbe7db333afc08d2b1fcba4947b1d647916f2f08,1,1,2,1,1,0
3381,0xaeceb942f7147b18c418fa417b3d38faac43d547,1,1,2,1,1,0
3382,0xae705784267fa43271fa2493118a3a5d6a540e43,1,1,2,1,1,0
3383,0x7c1e58680c93000cdc77974e168f3c16b9896fa6,1,1,2,1,1,0
3384,0x6fbe81055140287005ffb5659a9312eba019f350,1,1,2,1,1,0
3385,0x5bd7410a3597c3ba436d20b430102e9f91266d7d,2,0,2,2,0,2
3386,0x2b800345c227f8c9b9e3a2eb86556b5e034493a5,1,1,2,1,1,0
3387,0x5b500605d7870a44b57c99e3a6de7861f1b452c1,1,1,2,1,1,0
3388,0x75695ff9e7ad269d76ee452b8b8b420837afa775,1,1,2,1,1,0
3389,0x5030f52678eaaff38798fd6babf83459b917143a,1,1,2,1,1,0
3390,0xafde3420ad24da4ff363e8711f7c71edab526cd5,2,0,2,2,0,2
3391,0x357cad8c7e9546643a12a3a4498065e900f4ea6e,1,1,2,1,1,0
3392,0x541dc91d3b6a1a7ca45407a84bfa34fb4ea39530,1,1,2,1,1,0
3393,0x0ea5cc3d3bd53f2e389fd6b446de03cd757010cf,2,0,2,2,0,2
3394,0xd8590ff51b9d27bc68ff601490c8422682c0002c,1,1,2,1,1,0
3395,0x12c689393cf1ff581acc7cb7d250920ddc57b5d7,1,1,2,1,1,0
3396,0x6c66669dd8917b7ab7d77d6b9b018d8e705be481,1,1,2,1,1,0
3397,0x825d0f77171709d3301e8c323f4ef61d2a771690,1,1,2,1,1,0
3398,0x52b60910f6861bef38563bbd9177d0c37e9bc4c6,1,1,2,1,1,0
3399,0xc56a3a908c3467b8622595e7a88351490054551a,1,1,2,1,1,0
3400,0x3986179dfb74aaa3ebaac9b1ce21a18da618f52c,1,1,2,1,1,0
3401,0x000ed1c4179e7204a06ae1e307bad5991817c000,1,1,2,1,1,0
3402,0xdd8b20a552e4f821c270a8c4d7823bf827d64321,2,0,2,2,0,2
3403,0xaf24327ea0e357956e0b0ec137a62aeb5bf6d0a5,1,1,2,1,1,0
3404,0x6b1278f003ef30401ea6b098cd4c1cb833ae58ff,1,1,2,1,1,0
3405,0x3d28ff646d96d9ea0e67ab8c218d5369baede82e,1,1,2,1,1,0
3406,0xa712a782a4bd2aefd4566984047d2f62ca0f1a65,1,1,2,1,1,0
3407,0x327650f5b339a50e24433468f9ae44cfddc25af4,1,1,2,1,1,0
3408,0xe506f6b365724b4f25cb3e66f672010f98d02ce0,1,1,2,1,1,0
3409,0xf21bf8f4a8ba78fbc8b118e2ecdb030078c3d3ed,1,1,2,1,1,0
3410,0x211c823f439250718c442cd683251f3958bda459,1,1,2,1,1,0
3411,0x8ab8821ce04baa5c3bf9836e033699d38f350a40,1,1,2,1,1,0
3412,0xd9f1d97f6e5939c64146fa1206b4500ca90f9c0e,1,1,2,1,1,0
3413,0x40d68c490bf7262ec40048099aec23535f734be2,1,1,2,1,1,0
3414,0xec4bbaf888b17f1038b9bbc1221f3cff0d49e817,1,1,2,1,1,0
3415,0x7b1414a97471bcc28259827bc7db427d3a65cdff,1,1,2,1,1,0
3416,0xc9d95cb5394b2f9ee15ad83740a131bb4bb7db97,1,1,2,1,1,0
3417,0x2db981c10bf1c6315e5b18de6d3014c894c164fd,1,1,2,1,1,0
3418,0x5f1ee29361206f1a129e808736f11598356c6031,1,1,2,1,1,0
3419,0x137e37b8e606fe13038d152a9ddc84ccddfa768a,1,1,2,1,1,0
3420,0x7777776a7d6c96dc3977692d9dbb1b188f478fa1,1,1,2,1,1,0
3421,0xcac6e55cc6abf117d5add10f772788ed9a1f9bb2,1,1,2,1,1,0
3422,0x4a15c597429c0d6fdef9e1c2dd0be10fa5639158,1,1,2,1,1,0
3423,0x42ef0ea65212f30fc9a1716faf771f9207a2665d,1,1,2,1,1,0
3424,0x422162996580c0003870518c0f9c447d9816a0e6,1,1,2,1,1,0
3425,0xf9bd182308c9d267ffad3c76e777a8895de11397,1,1,2,1,1,0
3426,0xae3a9379a9b1a91cad0daedd094f440f5fdbf7a5,2,0,2,2,0,2
3427,0x54d55e784a8d0ebf3ec4c3faec8da98937780c06,1,1,2,1,1,0
3428,0x543ac0ba2fcfee44ac6f79c315424b0ac25de89a,1,1,2,1,1,0
3429,0x09bb3991494cb801f85901b55e2ccf0b626e4986,1,1,2,1,1,0
3430,0x58ee719f5f521894d88c760c8ca79b3150e5e87f,1,1,2,1,1,0
3431,0xfd89893ccda725de37b5a6fb07c58d2da5aa9eeb,1,1,2,1,1,0
3432,0x7bf3d54ce7832febe80bc957db6ae67fec586a16,1,1,2,1,1,0
3433,0x3393b889fc422e50dc66d36e9c83c9e1c3dd6492,1,1,2,1,1,0
3434,0x6c6e7e65a96535827df2bb0ba29ae233bf3d4a31,1,1,2,1,1,0
3435,0x79ce43f7f12d7762c0350b28dcc0810695fb24dd,1,1,2,1,1,0
3436,0xe02702e5ab03a16ae20662d0db2936422e8db53e,1,1,2,1,1,0
3437,0x1af1cd0a131ac2b9cd644c27cba9f9021d37fa5f,1,1,2,1,1,0
3438,0x544e3f54cad02f469e4038c235a459f62c9a06aa,1,1,2,1,1,0
3439,0x0b8382feec98fef8a9c50a578db095dd03732773,1,1,2,1,1,0
3440,0xccde1e804447506caa8608270a63ab128cbfe46e,1,1,2,1,1,0
3441,0x7d0b9b35f5dc8c37e8ad80102e29538e03cf0edb,1,1,2,1,1,0
3442,0xf65ccbf2ae636b8f67854f6d62279cde37da8296,1,1,2,1,1,0
3443,0x9fcee15f67fb4ed007d8e2474abb3206d7baa689,1,1,2,1,1,0
3444,0xd62bd8569622fbd2c3bf8dcf5e4236a240254729,1,1,2,1,1,0
3445,0xc18f38c96767ca53c52f86af8f71d621092f7fd5,1,1,2,1,1,0
3446,0xa9531d3b5483bef6fae3b4be62ccd83697ab92b1,1,1,2,1,1,0
3447,0x5174a5f7947b0cc71ad3ba1a55e0df97a70e832c,1,1,2,1,1,0
3448,0xc97d085458addb918589d7da38b18442efe5ad4b,1,1,2,1,1,0
3449,0xc9e6f6a61ae0b8070b198b129e293c252873e4c2,1,1,2,1,1,0
3450,0x26eec2bbffcfceb818674d172c8b515435fd870a,1,1,2,1,1,0
3451,0x6318f034a969c061f3672bbb8f9a0318652a1abe,1,1,2,1,1,0
3452,0xdc091cb42e2d14d180042f66f1def3a04e2b61f8,1,1,2,1,1,0
3453,0xe5660a890cb34f3bfcbc06cd2a72548af43555c8,1,1,2,1,1,0
3454,0xe5e98df807c3c4f8e57eeeed0968895b2ea5fefb,1,1,2,1,1,0
3455,0xcbff9c61aa26372715eb95749eae5723ae20f264,1,1,2,1,1,0
3456,0x79b3ba00b6be7f0bf6b9f198fc82ce1d4e8b6f0e,1,1,2,1,1,0
3457,0xd827bfaec32269223223d57a7578fc6a771c652f,1,1,2,1,1,0
3458,0xcd97ddf33ddf067075a1682857277b389301e6dd,1,1,2,1,1,0
3459,0x483f9256cb2b7594a4a65c77010fe014739dabf7,1,1,2,1,1,0
3460,0xc436636454f40e55d07034b8d803968207baebb3,1,1,2,1,1,0
3461,0x1e98e2eed6917f0ee86e79aa4dc796c20089a517,2,0,2,2,0,2
3462,0x05a44e94afbc5a12f5f6e2c6fe1c4d0a8eb4c506,1,1,2,1,1,0
3463,0xb7dd526d1edcd81b452465cc3883f2ab495348b2,1,1,2,1,1,0
3464,0x484c65e79598ba17e6cbb1b4dc99b47c065367f5,1,1,2,1,1,0
3465,0xdfbd54fcebb9793e5dc4c39e177593a9d3278722,1,1,2,1,1,0
3466,0x96a5d0f195e72e1ad165c2d78d384057dfc8afbd,2,0,2,2,0,2
3467,0x255dcfa35b70fc60bfac74ffdfb4782b441a1963,1,1,2,1,1,0
3468,0xa810215091410c88cd4622f5dca445190e742a47,1,1,2,1,1,0
3469,0xd051d5a0467dc519b2feca21acd5480e5f0f56b0,1,1,2,1,1,0
3470,0xc5c6d09f2481b86b7f26e87f0917f1ef5f269ed8,2,0,2,2,0,2
3471,0xe1a9acc93c198bf68330b6ed27fb88cc5a8ba20f,1,1,2,1,1,0
3472,0x0607b0c69cc062781829446a3c2ebed9bffec7f2,2,0,2,2,0,2
3473,0xd7f02cc27ba401b1bcf6ad410bcc26a246550f53,1,1,2,1,1,0
3474,0xfe5f3c9dd84df88f070e826e8590a1dc50e58b2e,1,1,2,1,1,0
3475,0x777775f7c4acec565375194b31098d463135a054,1,1,2,1,1,0
3476,0x725c9df246d6fa36da8a376243a8f51332c1def3,1,1,2,1,1,0
3477,0xbc08fc54929cae974733b593a78bc17c772e626a,1,1,2,1,1,0
3478,0x31d5248020ff8e35f5cce912e3d8ec446db51b5c,1,1,2,1,1,0
3479,0xef6956fb1df3fcd9f6d1b50c73493e1c5d89d29b,1,1,2,1,1,0
3480,0x168c7cafafe0551a17c80f2d4318838de747867a,1,1,2,1,1,0
3481,0xd1fff6da3c151ad0487e3d2ccb04fe9ea4a48369,1,1,2,1,1,0
3482,0x08034c21ae1f11fcfe124efe35fdfcef3a7b14c5,1,1,2,1,1,0
3483,0x32cc5b2ce3d19b85838cc88bcdec3403d5eedc19,1,1,2,1,1,0
3484,0xb7a59f3e6fb57af0f145e13ee7bb6674c475b1ce,2,0,2,2,0,2
3485,0x1ccd2496090c53687572edc2b62c3b58b6799bbd,1,1,2,1,1,0
3486,0x066b672d8188cfd58964d810ff1a1cb15f10d6b2,1,1,2,1,1,0
3487,0x2f334d60400ca7df875d7853f1b6922e808925fe,1,1,2,1,1,0
3488,0x88653460b390085809c9afaa4e4729969322769f,1,1,2,1,1,0
3489,0x689367546c3f5502fa4f76276ec999a9fed3da9f,1,1,2,1,1,0
3490,0x223f57f9c67f7ce52576ca45273104392a90d184,2,0,2,2,0,2
3491,0xd45a04f50af061d7ffaa614b3d7758807b15ce26,1,1,2,1,1,0
3492,0xec01c2f7c22eb97c699fc2c0056e0905caeed289,1,1,2,1,1,0
3493,0x7c6a38e3e5d7d430bf0c4f24edac56eaaf7dd485,1,1,2,1,1,0
3494,0x593bee91ebe3a42e809d07189fcebf9ca0414447,1,1,2,1,1,0
3495,0x789fcaa1045bff34d1f61424743e49cc08cff86c,1,1,2,1,1,0
3496,0x935e9b501e535011edeef728d93c3ae059026b0c,1,1,2,1,1,0
3497,0x463aac05a5b45e77ab8cffb6a686383f88bf09b6,1,1,2,1,1,0
3498,0xb7200aa18c270fd28c4a966272b5625e50d73d53,1,1,2,1,1,0
3499,0x82ef9f10188a3ee38fb07b38b240a531ad43f20e,2,0,2,2,0,2
3500,0x55558764731a3127b9f334eac78d74d49f894dcb,1,1,2,1,1,0
3501,0xcd1f6c82fda20b38218bea1f1d0a4bd4797d543d,1,1,2,1,1,0
3502,0xd5d8f9ec5ebc83402f5e08a9f2b02fc765979671,1,1,2,1,1,0
3503,0x01039a86159ba5b47afde11865b8603e156ae64f,1,1,2,1,1,0
3504,0x6140951933089afa76ef30af55cc00d871fc2c9c,1,1,2,1,1,0
3505,0x7b41983273bfbaee5af4e0ec1c6397fb2f48e047,1,1,2,1,1,0
3506,0xe63fa9b8e11f3f5495f1630737f9c26bde22cb44,1,1,2,1,1,0
3507,0x3d5c457920ff88a7a42d2af63d450e5f2da61d14,1,1,2,1,1,0
3508,0x449a32d8a4a68465c97bda56b15495b625e917fd,1,1,2,1,1,0
3509,0xf40d1119873afcdf7e2d3abb11e13b2586436e5f,1,1,2,1,1,0
3510,0x7c8c8c5a4ad247434225511d23a05e31959b69b4,1,1,2,1,1,0
3511,0x9679a83eed712b859faf2bfcfda36658e3c5ff6b,1,1,2,1,1,0
3512,0xb9810ae53ec7b581787105131c0c44fa0567d1bd,1,1,2,1,1,0
3513,0x4fc013fee4b3f0111cb2bfd771c0e966cdfe2673,1,1,2,1,1,0
3514,0xb8738892953f241171f1847f0a75abddf7d3a85b,1,1,2,1,1,0
3515,0x5f94d32058fc8067018e94e508ef48c1135e53fd,1,1,2,1,1,0
3516,0x564b0d38087d3bbba7ca62600dc2648ac6602b5c,1,1,2,1,1,0
3517,0x60018d21c113617db9326be6b162ded1f7fbe53f,1,1,2,1,1,0
3518,0x4a020032877a1bf0f02ebbc6ddf4781191375eb7,1,1,2,1,1,0
3519,0xfd14a153507812e8bf432531865f08a66efcb855,1,1,2,1,1,0
3520,0xf70da97812cb96acdf810712aa562db8dfa3dbef,1,1,2,1,1,0
3521,0xf6104248b8bd7524d6ea1e93202ae08ebc94e385,1,1,2,1,1,0
3522,0xda75aedf749580fd32f2e42f7f3d07b6b6e18437,1,1,2,1,1,0
3523,0xa0b0257b5a3c84738ea76de79d1a59e5bccce22b,1,1,2,1,1,0
3524,0x8f09269dee8bbd0b90bfe5b771920b256ac02ac0,1,1,2,1,1,0
3525,0xed1c710ad28e9aca013178a4e8d43a580b4b0dbf,2,0,2,2,0,2
3526,0xd8bdbcacaa83d2f8254502214e9d672a0e3141cf,1,1,2,1,1,0
3527,0xd0cf6daf72c2370cead9e6d8ef61615e1c89b2be,1,1,2,1,1,0
3528,0x854419a6b8084efd02c4689b4508a85d284aa72a,1,1,2,1,1,0
3529,0x70d08405e24f97e537fe9c4a1df8f7fc7f2973a6,1,1,2,1,1,0
3530,0xc240163e581b09a1f67015e237ff895b8555df76,1,1,2,1,1,0
3531,0x0507b3ffe3836ad0f256f3d53b8fa7653e54e2eb,1,1,2,1,1,0
3532,0xe4d9c95a654ee7b0f23962d4213173350ca580a0,1,1,2,1,1,0
3533,0x5d299869d081091a1a3981b9649ab0e4f1ce7a4f,1,1,2,1,1,0
3534,0xa0aecc4a848e6f9998216e004a90b61c810febec,1,1,2,1,1,0
3535,0x693658afbf87aca8ae0bd91bb76017fb9d2e8331,1,1,2,1,1,0
3536,0x46851efa4f3925dca3864ff7e88c9085c3624f27,1,1,2,1,1,0
3537,0x899845c1b372ce06476b1b40bac49ec0a0fdf1fc,1,1,2,1,1,0
3538,0x8b817e1eb15600c2e6a4c1f9fae932bd2aba5b24,1,1,2,1,1,0
3539,0x7469ad145870122155bfb76e4adbf180a8da1a30,1,1,2,1,1,0
3540,0xbe3675f5ff5d18f0a77238541d58daa4f9e686e1,1,1,2,1,1,0
3541,0x5e4bee9ce3c96a51905bc0d2db5f802568df6703,1,1,2,1,1,0
3542,0xe02767508b7d776820861ca26bd1c0a927cc9eea,1,1,2,1,1,0
3543,0xf5029333b4b4476d4e2df5d6416108f36f81c80d,1,1,2,1,1,0
3544,0x55fe344ff99268ea756f2774b695ec54d1316e6d,1,1,2,1,1,0
3545,0x050a560ad5f501cc6fc7dd9b10482051fc56d24b,1,1,2,1,1,0
3546,0x57e73d0d9224f89eb4ee8c5d44932523a8c4339e,2,0,2,2,0,2
3547,0xf1442e17e4c7d7df98edb92b5b3d240b87081645,1,1,2,1,1,0
3548,0x0968de68479390807f4097140bb67bb52b1e6dc2,1,1,2,1,1,0
3549,0x9e6e05cb995463ca33bc5c94ea9ac8faf713331c,1,1,2,1,1,0
3550,0x72cdd6b287b25ce77d23e7cf62a051e1099660e2,1,1,2,1,1,0
3551,0x34bbf3b83f82342f16ac3c5d7d3256f9be9441bc,1,1,2,1,1,0
3552,0xa165e0a9f3fd03c99ca877fb81935e36420dfd1b,1,1,2,1,1,0
3553,0x4b18e52cf1ae956af1b1ffdea461488273157ddd,1,1,2,1,1,0
3554,0xed2767374c20d7f4b3afbdcd8322d77881df5e19,1,1,2,1,1,0
3555,0x82fd171d9a11259758012df50d57918210f7d4b9,1,1,2,1,1,0
3556,0x2b767ffeca90708e080f1a29fb452df8f70250c1,1,1,2,1,1,0
3557,0x30c53d45ca0cf73a7dc17cea4fa535937cf09980,1,1,2,1,1,0
3558,0x66823a962551cc8a17eedfe1ef4f25018ef3dec2,1,1,2,1,1,0
3559,0x89a27fde1243d15c2809f5ab3d1f0aa4175bb0d1,1,1,2,1,1,0
3560,0xe515a27f75e5b4b3b8173dab29bf35d3879a4775,1,1,2,1,1,0
3561,0xcaad9926cabb0b0046556cf1f1e4aa815283d93e,1,1,2,1,1,0
3562,0xf50ce7f06d8e9f4e4006f38559fda912ebf23f66,1,1,2,1,1,0
3563,0xb42560a130097239c2210d30b5e37debcc3e5456,1,1,2,1,1,0
3564,0x7ea999299e0e5068699f21fd3d88dfef0088d0ed,1,1,2,1,1,0
3565,0xa9b301e04f3fb99484e7bffdc3e4fa2b2cd75a7a,1,1,2,1,1,0
3566,0xf517639a8872e756ac98d3c65507d2ebc25cc032,1,1,2,1,1,0
3567,0xa61393daeec600cfae19a267062fcb5d9f1cfb01,1,1,2,1,1,0
3568,0x90ea8008d47a8f4adb27e4797870e90827a8a24a,1,1,2,1,1,0
3569,0xa4946930c6ea23b90527bba29b3a8128ca99c642,1,1,2,1,1,0
3570,0x3b09240aa1ada76c672d63b78fb40aba21b93a90,1,1,2,1,1,0
3571,0x7bf137a676af6d58396a3c50ed3707b4848be1b6,1,1,2,1,1,0
3572,0xe9f36358f0254b05ef34d78fa4eb4ca97d1b7555,1,1,2,1,1,0
3573,0x25de25e1e914eccef40a24c5a0944266362f7885,1,1,2,1,1,0
3574,0xb3b1d52c2a7c9b0b0b3cdebeedc8830b1ba4cf62,1,1,2,1,1,0
3575,0x07ffbbb68fd5926dc35e368c014708cbcd72c825,2,0,2,2,0,2
3576,0x6786039e43d75800ed5f02e378d0812689612155,1,1,2,1,1,0
3577,0x64e2fb98b603e7ad11727076ebff875786e27efd,1,1,2,1,1,0
3578,0x55552f97ad55474f3095e893db2c610ca55e5b96,1,1,2,1,1,0
3579,0x35504c9c07f0999ecc451c509114f392f676e5d5,1,1,2,1,1,0
3580,0xa4b1d4d0ccb3e73e5a4448fa07ac1c9526be19dd,1,1,2,1,1,0
3581,0x37ba2355ad5059f71b7c4389bff3aa726d467e40,1,1,2,1,1,0
3582,0x38b8f8008cce8a43eb223d7971ddc0800b940886,1,1,2,1,1,0
3583,0x061575f8ef7b30384960c624a1c3dc43a16cc755,2,0,2,2,0,2
3584,0xfeb41f7dc10c98fb5a7995fd9c5de7c83e02dde7,1,1,2,1,1,0
3585,0xbdbc9751d73f29cfddb285eba08ffdb7b3395dfe,1,1,2,1,1,0
3586,0xcc0a57806d7f6aa9e7879ecf1b4d19c014650a1e,1,1,2,1,1,0
3587,0xab0ac7a49a3a4db65f7f2fc03fd3f64fb3bb5d5c,1,1,2,1,1,0
3588,0xa4d80b4aa737701345e9f699c13cba4dabaa2a05,1,1,2,1,1,0
3589,0x6e608f5cfdd12e5e0cd61e3b68e0ae041866f678,1,1,2,1,1,0
3590,0x61ce3b30554d3e0913ed645a51205f47d8208117,2,0,2,2,0,2
3591,0x86551a6f0454200f82010847c30622bf86c87741,1,1,2,1,1,0
3592,0xb06c7b4041264fe221422e9cb3a468cda19f4b75,1,1,2,1,1,0
3593,0xd8e7381d1c4d4b7eb1d6e3701e1e10a296412acd,1,1,2,1,1,0
3594,0xb64133984b7aa156fc3c3e284c7ac926a425c6e9,1,1,2,1,1,0
3595,0x5f7dc103a06f769c73d08661d149a78e5240b0a0,1,1,2,1,1,0
3596,0x1c2f3211f5ee760624d44e727a996847217074bc,2,0,2,2,0,2
3597,0x133e9241aac55967884d7a141f60da4da2fb7b50,1,1,2,1,1,0
3598,0xb1f7d890b786e73a01ad4cce1693f1db3d3c9a99,1,1,2,1,1,0
3599,0xb7ccc78e4007cf7db222d5ef3dd6feb6d82006be,1,1,2,1,1,0
3600,0xdf35f455c014b7d7c8ebe1d7e004b4bb97d3a60b,1,1,2,1,1,0
3601,0xaafb2ac52c58103f1906178e8dd44243f1d3cdd3,1,1,2,1,1,0
3602,0xfe93b046eb0bfe5e5d91d4c4f2676ebbc77a0b00,1,1,2,1,1,0
3603,0xe9f4a19b3e27faa296b6aacabe3e5cc672169406,1,1,2,1,1,0
3604,0x0269004bbdbd01736d0cf42e3ae3e5e100f8225a,1,1,2,1,1,0
3605,0xce1ac716477cfc5836a5427bc2a2571d00264ecb,1,1,2,1,1,0
3606,0x0a6031290f5a26d0ba5e6208973adc31754e22cb,1,1,2,1,1,0
3607,0xdd5558f4d629f2b47657d32a335b90fa40317675,1,1,2,1,1,0
3608,0xbcb4972c64b57e5944825a88c2ca053c9fc8985a,1,1,2,1,1,0
3609,0x4a6d2a9f83090dafa131503c388eb3e541237a99,1,1,2,1,1,0
3610,0x3e8c90061bed74fb75c5a6d6b15f10f9aa313123,1,1,2,1,1,0
3611,0x78b5936f553681e7626f2f39567126445ae3ae31,1,1,2,1,1,0
3612,0x3bca07be935408d5cd8a213af3cfcf716edca8df,1,1,2,1,1,0
3613,0xc194a8e2f435363777a1c67a90a3347d7aa52744,1,1,2,1,1,0
3614,0x66b39cf4e9013aec59dacde0505e27b469501cae,1,1,2,1,1,0
3615,0x90a50ff52ebeadcda73b4bd953bbcbc267712b24,1,1,2,1,1,0
3616,0xc35994d95c1535cf576c56a6db4ba9ed02bc7a9f,1,1,2,1,1,0
3617,0xefc635b74cd504a931fc4117562bd47f5f28d18f,1,1,2,1,1,0
3618,0xca5a54fbb34e44b0f91f3110ee66a672d64e2856,1,1,2,1,1,0
3619,0x93d4ec0a711c7c8b1fd1e40715d9b67db23739eb,1,1,2,1,1,0
3620,0xd6a5d4a6b78ebe3421211c6e326387b23acc2a9d,1,1,2,1,1,0
3621,0xaa101d8eb95d75664947ac3e8e519dba25c0d88c,1,1,2,1,1,0
3622,0xae9cda1d8ee9718be130ae545019496ae1413258,1,1,2,1,1,0
3623,0xe858e964060a2af7d5551deeb91e5bd5ccd5264c,1,1,2,1,1,0
3624,0x63da4914afdd6d1a3770214c1428db4c06bbf3af,1,1,2,1,1,0
3625,0x034f5971d869fba93970f2f42ace2e09fb02b832,2,0,2,2,0,2
3626,0x55769d0411006bd2e5ec13b0fa4b25abbff1cf79,1,1,2,1,1,0
3627,0x409ad8446439647893a6b74026ff6a1ce11c6ae9,1,1,2,1,1,0
3628,0x95b590c89ab3ee3aa9330c79017fbae7203044c4,1,1,2,1,1,0
3629,0xbae7137224c6ead296de2a62a441da4708afaac1,1,1,2,1,1,0
3630,0x63d72fc2ef5966590124173b840911d2b20cb5c3,1,1,2,1,1,0
3631,0x9544a9249d8fc6b28faf211f5e616aaf8ac13e62,1,1,2,1,1,0
3632,0x4e486e7eee27500b8851d63d003119c4da4825f6,1,1,2,1,1,0
3633,0xc4b64403e00d1cfdb76e67378afc6698f59f3d63,1,1,2,1,1,0
3634,0xf52997637f048c8a6d3f7c86cb455a3b07cf61f9,2,0,2,2,0,2
3635,0x5555f5a5096f9e26b1a9e001b87496e2fe8f33ad,1,1,2,1,1,0
3636,0xf3d7fdf488dd9d9b9266a74f532229083c397bee,1,1,2,1,1,0
3637,0x57bbcb3da0b6983bde4bd8b9c605ebc65fb3b06f,1,1,2,1,1,0
3638,0xda8f84a09f165aa0f84762d97d5a0025b6f000fc,1,1,2,1,1,0
3639,0x2bbcd3e51661c5005173d44d6561a3a339588e06,1,1,2,1,1,0
3640,0xf7cd24dc0d02468cdeabb4beb82a37ec8787edf8,1,1,2,1,1,0
3641,0x6c0e86b87bb5ad0da88993a2e2fb56134aecb183,1,1,2,1,1,0
3642,0x24085d85e5e512d2a0de76839eca9c22a1176a84,1,1,2,1,1,0
3643,0x86312a65b491cf25d9d265f6218ab013daca5e19,1,1,2,1,1,0
3644,0x35c3d091e2cf902dc09ec25712d67c55e7c61403,1,1,2,1,1,0
3645,0xfd29cdaa4c6edb1bdd11b481f2bdd42c8d02f7dd,1,1,2,1,1,0
3646,0xc7e4ca65590e5d0630f5fde7ca5a0bb880522391,1,1,2,1,1,0
3647,0xa1e56badeb29635a0a5fc1c04b731010a8aff6d6,1,1,2,1,1,0
3648,0x99c7b42fdceeec25b841370d2589ff9bc4b2626c,1,1,2,1,1,0
3649,0xbd06cc4c6f596e8e9e5befd74645fbf15b7065f5,1,1,2,1,1,0
3650,0x1935a592adcd19049b99afaafe1b5c60fc74e110,1,1,2,1,1,0
3651,0x19d9f069145f5197a12f8ad87dd3255f89bf3578,1,1,2,1,1,0
3652,0x175b0777eafeca2b5d8c80d3b262be534cfc6229,2,0,2,2,0,2
3653,0x3b9bee6062b4941f0bee5090300b951da63e7484,1,1,2,1,1,0
3654,0x3f97e8c7becaffbca64d5f55d69bac4e0ee4bb2d,1,1,2,1,1,0
3655,0xd515c3bfaf1f3750be0dbfb62195186caa052a9f,1,1,2,1,1,0
3656,0x059f8b5418cfeb11bd16659f1bb2854efade2a25,1,1,2,1,1,0
3657,0x598a69c02d6c71a4ba9180f38e463e25d24083b1,1,1,2,1,1,0
3658,0x9e9b367d207b6f642267049a36a658472ed36196,1,1,2,1,1,0
3659,0xdbad5e0566da0d3dd3af3d91bcf327e89be082c3,2,0,2,2,0,2
3660,0x7842a9d0f26c17262edd6e8093d46e57a3137471,1,1,2,1,1,0
3661,0x39e8ebd1c9faed722d742443ac77a3c25e124eaa,2,0,2,2,0,2
3662,0x920f9129d9a623f85e84f07f1aae2c24a792ed25,1,1,2,1,1,0
3663,0xa451fd9fcc09ba9989cf4b02663e40d2047e51a8,1,1,2,1,1,0
3664,0x007721542075beb8a299ba949d105764ed1b28ed,1,1,2,1,1,0
3665,0xa2695bc9e0e42f7eeac8c80d2e855d9af9e9667b,2,0,2,2,0,2
3666,0x27848723f883dad93074f662f017f02a3a2931a3,1,1,2,1,1,0
3667,0x5034d8641414f7182060c78c6d3f904ea0791af7,2,0,2,2,0,2
3668,0x23b5f38131f4adcea10273a6221ae2ee81191b30,1,1,2,1,1,0
3669,0x46130a909d027bf5dad826e37e826b65d73417ac,1,1,2,1,1,0
3670,0xe6260bdaa1014e3388af2a4d7982c284971bda96,1,1,2,1,1,0
3671,0xb0a1de39db0185cae006f723191de857e984a04e,1,1,2,1,1,0
3672,0x4a57a43209908cb49ed1aa92be9e74725f128bf7,1,1,2,1,1,0
3673,0x3de702a6e99a67ef6bf82272ffcf837985ed239e,1,1,2,1,1,0
3674,0x569c295978d00dddd8d88260f9854f3357e65a2a,1,1,2,1,1,0
3675,0xefce08ddbbecae466a382b459989669953e5aa93,1,1,2,1,1,0
3676,0xe801724996706538b07220bc71b0423838c6e8f2,1,1,2,1,1,0
3677,0x13f0c12ea49d77d4dc640fdc33ad27a5de101bc5,1,1,2,1,1,0
3678,0x9500b2cacbfd5386429b5e411430b1ff7d78beab,1,1,2,1,1,0
3679,0x7b07cde87b9389addd049513dee69d5459dbf1cc,2,0,2,2,0,2
3680,0x0a17da28df8e3d559072a644e04b59ae9ffa861c,1,1,2,1,1,0
3681,0x2e3e3857056a2509ec695e3be012fb33662279f3,1,1,2,1,1,0
3682,0xb9498c5bed1fa1f4d6617e5be19102bef9300355,1,1,2,1,1,0
3683,0x5985c0518dc4b5b22d5556612391241d3228c106,1,1,2,1,1,0
3684,0x15e31bd10454ae6b5b022300546dd9b2fc3f3786,1,1,2,1,1,0
3685,0xbbfca0eb87a45b4136909dd4ff8f80a371577a8e,1,1,2,1,1,0
3686,0xbd17643f082f81a02f0cc13c3590f33cb763c13c,1,1,2,1,1,0
3687,0x910397535c08fac7b2abe4ea626c67c0c4b07f96,1,1,2,1,1,0
3688,0x349260e1987a298222e79c098738ea6ceac23d4d,1,1,2,1,1,0
3689,0x6772010a9905298f6d60a2808032bdb5bcb5276f,1,1,2,1,1,0
3690,0xe327f9f45c2f7c80f53ef9005a1175e13caab554,1,1,2,1,1,0
3691,0x160293e5223e357ba0d6641163a5a7c427a7cf90,1,1,2,1,1,0
3692,0x58f7781c28e6c35a37e0a9577f94ebd797ba8d1c,1,1,2,1,1,0
3693,0x377a7eecabbf3d0e828b9f64e4b852cc364171ae,1,1,2,1,1,0
3694,0x74e3591425325a35e41e0e230d7d8686c7912ab4,2,0,2,2,0,2
3695,0x4ea3bf404aafe9066d3ad2a5323bdb4f5be5d281,1,1,2,1,1,0
3696,0x27c10bc04fe6e4fefbd5a3b1aad13763f25def7b,1,1,2,1,1,0
3697,0xa78253ab2ae4cb653023c2eddbd10ad7ef314caf,1,1,2,1,1,0
3698,0x281046aaca052de04b0de986de6ec65ea1a9229c,1,1,2,1,1,0
3699,0x140fc036d512b706ffae8be4b6625ae178035c9c,1,1,2,1,1,0
3700,0xb09bdac8b7a4fae53eac7d2f5e2e99a8170cb817,1,1,2,1,1,0
3701,0x2422281e157ed5151800f8cd73c9830343255bd3,2,0,2,2,0,2
3702,0x86a7f2835758d0cf36fcc886b1748155702cd52d,1,1,2,1,1,0
3703,0xa29f2d56e6d4b79764b7f292f6602828835e44db,1,1,2,1,1,0
3704,0x53e3a3bc2762a5f683751de3efe1bdf9631008c4,1,1,2,1,1,0
3705,0x47f2a789ff869736efe7423429ad2b5f50f35b57,1,1,2,1,1,0
3706,0x6640c3f05c684284a18606f93a6c639b56b47a74,1,1,2,1,1,0
3707,0x5d225993bc39f22cd22bc7dc75e2e24b33f0b676,1,1,2,1,1,0
3708,0x4e7288e6ab0389237a4dc8703e48aa0d26e16a72,1,1,2,1,1,0
3709,0x1f6d3712b6ee4d370ab472b1b7ce28adcfe48979,1,1,2,1,1,0
3710,0xd31fde46afce438662cac68765dfd5a19dbc168c,1,1,2,1,1,0
3711,0x55ab7ec373fd9f3c0cfe027f08ec68d8e5e014a8,1,1,2,1,1,0
3712,0xa4aa78d6f415d2eb7eaa7b0d8521263a0f70cc1f,1,1,2,1,1,0
3713,0x4dbcba5ed08e2b8ef22fb986775362f045a14706,1,1,2,1,1,0
3714,0x0000c6fbcc926fcd54d8e521632b52dbe7fe0000,1,1,2,1,1,0
3715,0x1a97da86299669ff12ace1a576d907e64c20213a,1,1,2,1,1,0
3716,0x305dd3323db135dcad64fd40744133259823d627,1,1,2,1,1,0
3717,0x71ede44fb370cdef1fc0cb2eb32b16f08e6a1330,1,1,2,1,1,0
3718,0x770b10c1330f617c6fd43a2d9e0ab65519a3b47d,1,1,2,1,1,0
3719,0x3d9b1094c6b2cbb1bc0d705d64681375326de573,1,1,2,1,1,0
3720,0x44c39447f0efd7e47052faa77513524939ae15ba,1,1,2,1,1,0
3721,0xb8b815893c426b49496e7ae9c94ec56d2e62b78a,1,1,2,1,1,0
3722,0x3848a2e8afbaf900b93aabd9f6173f5dcb88216a,1,1,2,1,1,0
3723,0xc3231c4c54e2d0b51387a035c762a5b165d16371,1,1,2,1,1,0
3724,0xd08959326e8a48e71823de2ac08bbcc998a1f8e8,1,1,2,1,1,0
3725,0x1ed6f1783bd41afd2d1ca677110320a11c29b513,1,1,2,1,1,0
3726,0x3c9913d441c3add3dd34581a0ac4411b6ddf7e08,1,1,2,1,1,0
3727,0xb516616b32df6ac90f49f2bb376d11488da53960,1,1,2,1,1,0
3728,0x4dbcc3cb9bc26852c04b72cab4363516aec947e2,1,1,2,1,1,0
3729,0x0211a6726673fa630408c75db79fbd6d339ce106,1,1,2,1,1,0
3730,0x44384d8c569e772e67cf466ca690e32716eb1412,1,1,2,1,1,0
3731,0xbf3a376ee55761bc28a9911e0d3f66641e267882,1,1,2,1,1,0
3732,0x4801af178dd07390941931c7e6f82b61a4344a0b,1,1,2,1,1,0
3733,0xadd5333b5922ced2563ad634ffcc3e2f8704a0fc,2,0,2,2,0,2
3734,0x580387470aadd10cb6dacc98a6ff76b143822e23,1,1,2,1,1,0
3735,0x280018b698a1dfe3a209f73e459fae1062aff2b8,1,1,2,1,1,0
3736,0x16e59f161b1c789df9ace0e17a42b7b4e1a5142c,1,1,2,1,1,0
3737,0x480afd5737eec69fd8aadcc465942a93b236a5d7,1,1,2,1,1,0
3738,0xa7431946bb4364f76e352fb64536fdee99470a73,1,1,2,1,1,0
3739,0x71db056df3be6e345f0878f79a2cbf8151839471,1,1,2,1,1,0
3740,0x64e801b79656389bae29d229b86b2d45a9229473,1,1,2,1,1,0
3741,0x8bf3d8962e5f26ea83938015d8afe8e877169f56,1,1,2,1,1,0
3742,0x44cb4d48e0a2d4d66e95550124387af639949df0,1,1,2,1,1,0
3743,0x33bedb1c6079233cb8eddff1afc5862f106b01ad,1,1,2,1,1,0
3744,0x2404fc115dbcb35dcae5465bd878d155b34017e3,1,1,2,1,1,0
3745,0xddbf58c2a65d007defb274228d43001a2f704396,1,1,2,1,1,0
3746,0x41c45bbd675c17e76668d217371fa8ad907ad7b7,1,1,2,1,1,0
3747,0xbbe7148f4e5d7c607845b60c39a21173c0e0a77b,1,1,2,1,1,0
3748,0x8a70e820217ad4fae199edbc5a7c4306f745513b,1,1,2,1,1,0
3749,0xc3737a0e080dcf104683212e3e05fb41e7da6122,1,1,2,1,1,0
3750,0x5e01722ae827162935874afdd434ce9afd3c8a35,1,1,2,1,1,0
3751,0x3f05499be1838293ee2abc5afd913eb4b324436d,1,1,2,1,1,0
3752,0x5d6ff679595362438eee578e1b248e19dd1064bc,1,1,2,1,1,0
3753,0x9ee498513b382cce8be6586f1eb617799ef27073,1,1,2,1,1,0
3754,0x7dac077098c07b0a866f8f68a1e978d32ec51694,1,1,2,1,1,0
3755,0xf1e4995d7e9ba3acafd0c11a006f420bea62dccc,2,0,2,2,0,2
3756,0xe580276260de7cca1f3bfc2d07e7cef58d5242a5,1,1,2,1,1,0
3757,0x32e0bbb9613b2016ef4da6e1ed3c8eeda524228b,1,1,2,1,1,0
3758,0xc5ca4fa01d4abf60b83f0c540c3ecb1b261d7bfd,1,1,2,1,1,0
3759,0x8d8174eb1006fdf3b3748ecd55a2b84cf3a2dae3,2,0,2,2,0,2
3760,0x2d6c3bb940312c3d17c42e8f610bf5664f11004e,1,1,2,1,1,0
3761,0x76a2f92bbdc074144df7c94d632f59e4553aef3d,1,1,2,1,1,0
3762,0xe28b960e11a438f57d40f3ee64266d2acc4707a2,1,1,2,1,1,0
3763,0xfc74fadac87796a9d9d54d4df37f01d5797d72c0,1,1,2,1,1,0
3764,0x1b4c3a5cd0a290604ba5da1622ccc3c561ac738f,1,1,2,1,1,0
3765,0x2daa046b087db37d7d5fc2b538d33e7f196c5b83,1,1,2,1,1,0
3766,0xf6304822e74407e33bd36abe459d6c478106cc57,1,1,2,1,1,0
3767,0x89ae1d85c57427cb5ab4992f23c97ef7683a3ff2,1,1,2,1,1,0
3768,0x434a1155da9934292f2b2b115d7f7ed7d097ee25,1,1,2,1,1,0
3769,0xcab32bac73ddfe0f1773792cf2b2e0bf150862f3,1,1,2,1,1,0
3770,0x8463d6ffcbfb56bf20ab2e1111f9a0e8359533f2,1,1,2,1,1,0
3771,0x4788c1abf21a6be5eb10211ca13eace06b9a3c42,1,1,2,1,1,0
3772,0x28679f9df2fd1ef09cc7ade9df764b90c67b26f2,1,1,2,1,1,0
3773,0xfc874a66afe868e9fadaf5f98a4268da607b5d38,1,1,2,1,1,0
3774,0xd122a08920f8096d7294f3a449a69bfc83396e0b,1,1,2,1,1,0
3775,0x14f46fcbc95916fe86eeba73237f737a9eda93ba,1,1,2,1,1,0
3776,0x015794648063b45f9339d9546774149ed935c891,1,1,2,1,1,0
3777,0xc02e5cbe543735a4424fef433db1975d18ce8eec,1,1,2,1,1,0
3778,0xf3f441484b4749f5be6000efc84f44ac572815a6,1,1,2,1,1,0
3779,0x883cbd56685de6a1dd041ab0dd773a9da21bd7e6,1,1,2,1,1,0
3780,0x2585911b86808eea5d38b50279edb871d3411cbe,1,1,2,1,1,0
3781,0x032fc0ad5ee1d1fde12725a9708c69a2134f3aaa,1,1,2,1,1,0
3782,0x54c3b03eae70d3261c7892095b511b70ec3fef02,1,1,2,1,1,0
3783,0xd73d500d67fa5dfc30952571c8b08aee2e188d0a,1,1,2,1,1,0
3784,0xcf7d340e4eaf37d162891cb92040e2af8606fbbc,1,1,2,1,1,0
3785,0x3bb4fa84b120ac0dbb4a6bb0442fe2c47e324a93,1,1,2,1,1,0
3786,0x8865de06e60964c74deacd501fe9092d2b2c1215,1,1,2,1,1,0
3787,0x06bb1fe0297f9ac4c83e1a44fda29b75b151da6b,1,1,2,1,1,0
3788,0x842cbf761c1b7794ab13d9beab68c4b3bdc14456,1,1,2,1,1,0
3789,0x3dcf581d63b6a991aeba8b3519e7d5a30f2ec595,1,1,2,1,1,0
3790,0x53f246a69b777c5895e6614a2aeaa22ff023d3f6,1,1,2,1,1,0
3791,0xb19fbcfaebb5eb4def32649d548f33f52ea1ab8c,1,1,2,1,1,0
3792,0xa06197cff869b37f58284beb4ec13234d14c7707,1,1,2,1,1,0
3793,0xc6cf3854032eed9ba5688b3f8526a130c188bfa9,1,1,2,1,1,0
3794,0x56b618d8cb85ccc770bd79944a9592c1fe0e05de,1,1,2,1,1,0
3795,0x2d86499a410a9ac2139833ba8d6942b8a8700a7b,1,1,2,1,1,0
3796,0x09ef1dcec36ffd21b6f16e8481a54d36a44d3684,1,1,2,1,1,0
3797,0x192820ce84fa9eb457fb228c386fe0ed22f7e33c,2,0,2,2,0,2
3798,0x9606ab5ec2ca564e8227240e2a3a081d5da7d347,2,0,2,2,0,2
3799,0xe5e0ddf4f35c4f5749a7939cc54565159dfdbc2b,1,1,2,1,1,0
3800,0xd8401e8642cb79dbc048e1379184b30c708e013b,1,1,2,1,1,0
3801,0x70a605de47f24ffaba7bff4c2557016b510dc65d,1,1,2,1,1,0
3802,0x1bbdd40dcb064b117d87a8aee84250f3ac61fb98,1,1,2,1,1,0
3803,0x000000000000fea5f4b241f9e77b4d43b76798a9,1,1,2,1,1,0
3804,0x78c17d37f0d78949ff7b66804cf26468af7d20bb,1,1,2,1,1,0
3805,0x55e6fec455719b6f28ab0964e49e3469b3dded6b,1,1,2,1,1,0
3806,0x8f23679194089b69d45d167f4c99feb2fa0d9fce,1,1,2,1,1,0
3807,0xacc8cd1e12ef3a9b9a31c80b8489dacc2e8d1437,1,1,2,1,1,0
3808,0x64478a0be858d07412100faf15581b0a2f0224e3,1,1,2,1,1,0
3809,0x20d1b9613a2ae258fdac2013d0a58d530af35fe7,1,1,2,1,1,0
3810,0xb531bc94c89a3c9348e101636c5994ad21abdba2,1,1,2,1,1,0
3811,0x57e92613f20cc87e59abbb852c7ff0442acc05cf,1,1,2,1,1,0
3812,0xff8904c3c8cb2ab65c7620d7407e02c82c122516,1,1,2,1,1,0
3813,0xd02d1718c2c62a5c152b27f86469b2bf2b436dc8,1,1,2,1,1,0
3814,0x672d3e82031a9a2dfd7a07046405fcc992210ab6,1,1,2,1,1,0
3815,0x7db11e30ae8ad7495668701c3f2c1b6d60587eda,1,1,2,1,1,0
3816,0x52a13c08fb1cf3814710d07e987fa556cb763a55,1,1,2,1,1,0
3817,0xd4f98052f6eeee63ba19d0438611c1577ccab3ba,1,1,2,1,1,0
3818,0xc434f2b879ccfa9d877269e19551ac76e39908fd,1,1,2,1,1,0
3819,0xf31960830d54c9ba8d79f9384eedd7b150299a27,1,1,2,1,1,0
3820,0x5b2ab63cb0586fdcefdb2e5be356da5a13dbcd41,1,1,2,1,1,0
3821,0xdc5688ae378c47f14f3382ef8286f0a22ec1aa30,1,1,2,1,1,0
3822,0xc845a0feaff2905000f8bd2c80be8cf429f012e5,1,1,2,1,1,0
3823,0x52bb3ddd68ab65cca6f244635796588b237a3670,1,1,2,1,1,0
3824,0x052ec9c6f45e75c7d3fe6b0918e55926dade7912,1,1,2,1,1,0
3825,0x5c1fd4165c0b7748a4e36d107770f3f8f897ab7d,1,1,2,1,1,0
3826,0xbc2899251d68099d61c3056232d5e818552670f2,1,1,2,1,1,0
3827,0x0e5e906d99dc9b4467940e8e3d2d69a8c4ed7fdd,1,1,2,1,1,0
3828,0x63d7b804b4d9f58a8d0b63a38b972142e181f5a0,1,1,2,1,1,0
3829,0x5d9d2bc8b1c9d83a77202a32608f841f0094d812,1,1,2,1,1,0
3830,0xa8e61e09e297ffdf78104e004905006cf1d96495,1,1,2,1,1,0
3831,0x65f4fc7f5b6e31adda05058b5de7720acc92f5e5,1,1,2,1,1,0
3832,0xb565b99bf5603a221004ca9f8798bc3eacf3e798,1,1,2,1,1,0
3833,0x94a9cb74cf50fb3256c3a9e2a161a21f5a8704eb,1,1,2,1,1,0
3834,0x294c8ca4b29745a380039a0c1c27499e9f10df44,1,1,2,1,1,0
3835,0xa7b7f3550f9b9611d12d6cf9e58fdbe63b7c4f86,1,1,2,1,1,0
3836,0x3335535cc40a87ea512210bcca59732efef69966,1,1,2,1,1,0
3837,0x6708fd1f0555c36df5add5975725c57089c09dda,1,1,2,1,1,0
3838,0x8f322dcf1cad649f5e2bab59700d7c57f6713e06,2,0,2,2,0,2
3839,0x568f0102c29de44379bbfe681e0422d4a812b3bb,1,1,2,1,1,0
3840,0x1d31a643a886abcf4337181fd47cda769406abc0,1,1,2,1,1,0
3841,0x79a85d75d8d3ddfcc321cfd47289cb8f215a7e9f,1,1,2,1,1,0
3842,0x25fb04fc92c78b0dae1cddc53930c4bd3068b8b2,1,1,2,1,1,0
3843,0x205653a1dcfd73f64f57b9b74dbe090ce5b54039,1,1,2,1,1,0
3844,0x34606e4d14bfda85c5f8314931c833755fb964df,1,1,2,1,1,0
3845,0x259b9c4cfeadaef8a5b842710a777364988415b3,1,1,2,1,1,0
3846,0x41ca23d5334f16eab5e6bc0eb54807f0814aff99,1,1,2,1,1,0
3847,0x69722e056087f98352b46ddca72e111c10399295,1,1,2,1,1,0
3848,0xd805cec34482ee455144dd04aad09f2758cddfe8,1,1,2,1,1,0
3849,0x6eb5cc2c35f8b47418eee7c67b56386000fc9dbc,1,1,2,1,1,0
3850,0xd70cfb82313b2a3117c194b7edaccb703e084587,1,1,2,1,1,0
3851,0xf711a67387ad23a5ea6a3fc7ef7cbe7aa2cd4afc,1,1,2,1,1,0
3852,0xc9e7848802b2124b3b6d931f2a0be4996dc5324e,1,1,2,1,1,0
3853,0x3d6710b0c480e532c62776d9f33adb813040fed4,1,1,2,1,1,0
3854,0x0490704a24e192cfeff52d180d957618ddffb128,1,1,2,1,1,0
3855,0xc5ff15336bd6e4b9130dd5aee1af0ecdabb7e01c,1,1,2,1,1,0
3856,0x695430ef1794105485c80e0081d7120aa0327f37,1,1,2,1,1,0
3857,0x1b9073e4061b4e8c084c7c1f4623c3040eb87d17,1,1,2,1,1,0
3858,0x3bbc190d9e5193e5042fe84c6c4ded274dccc49f,1,1,2,1,1,0
3859,0xde9c1c4bfb528ef78b90f39d555661f77e5de882,1,1,2,1,1,0
3860,0xba89ff45434b354a78eb73fc57b7a7ae27af4a6d,1,1,2,1,1,0
3861,0x1ec83f24f016e6b455002f15e5a6933e9f199fcd,1,1,2,1,1,0
3862,0xb48b43a933fd6d82cb759593151c9c56eabdcf50,1,1,2,1,1,0
3863,0x2810df73078322a1a7d04b5b90f9614da074e126,1,1,2,1,1,0
3864,0xa147e56378742e46d4b85883e51e4a152343c68e,1,1,2,1,1,0
3865,0xe5ee2b9d5320f2d1492e16567f36b578372b3d9f,1,1,2,1,1,0
3866,0x940b5c359d782413ea7c4b1bebcbc333f1de1d5b,1,1,2,1,1,0
3867,0x490589dde8601981ad8b5215b2c61ef3b3d0c8e4,1,1,2,1,1,0
3868,0xa623f684da9d3597187762a3d3a7e324cda5b3f7,1,1,2,1,1,0
3869,0x00003183f59e825911d98fb509a157cd2abbae25,1,1,2,1,1,0
3870,0x69e8838e7c3b8f0d5b405fa33173f576fa6cdeef,1,1,2,1,1,0
3871,0xc1f796929ff69cc8be1694714bcb578e654bab9d,1,1,2,1,1,0
3872,0x0ce25eda993ed3949aa2790bf5bb0fef36104b0f,1,1,2,1,1,0
3873,0x102568f5e9362748c3ffcee0473b1790a96dc365,1,1,2,1,1,0
3874,0xaa647f877dea58aaa42fff73aa69e6dfc7f824d5,1,1,2,1,1,0
3875,0xcb7c1ebc439a7915cc1e78a20824c8edb569354e,1,1,2,1,1,0
3876,0x6e5033b09cb7de7dbfb6e7547cf274e09cff1ca9,1,1,2,1,1,0
3877,0x6bc09c35e53baddba2722e6b38aef87a3e335c4e,1,1,2,1,1,0
3878,0x042d200e5375204f022570361f3913b245488091,1,1,2,1,1,0
3879,0xa1a9e07b4db4a9e545d0cf11705e0b291b331fc1,1,1,2,1,1,0
3880,0x1d2b460f162db530e55186a3aaf958834969f4a0,1,1,2,1,1,0
3881,0x07a2797a8ead21b707a67bf2a656ccc552b44fe1,1,1,2,1,1,0
3882,0x8be04ab18cd8d9e06a308753d1ca5b98a4615373,1,1,2,1,1,0
3883,0x91e4da89648e3bb2ec4ab8e5e4ce0484dfc2b866,1,1,2,1,1,0
3884,0x9ada95ce2a188c51824ef76dd49850330af7545f,1,1,2,1,1,0
3885,0x1de39cfaed0bdb803787b7b852504ddc56f4419c,1,1,2,1,1,0
3886,0xe0b03fc5365677ba0a438811d84600051cbb1abd,1,1,2,1,1,0
3887,0x555522400e9a0db505f0ad8e27f013dffc86acbb,1,1,2,1,1,0
3888,0xd5b4abed1779a482b87abd1c862b8b87891cb8a7,1,1,2,1,1,0
3889,0x372cbb02d6210cf922527f01488bc7d39e1acb29,1,1,2,1,1,0
3890,0x4a476d690f0d3806f532b5e66b9a94d1c8379129,1,1,2,1,1,0
3891,0x32918dbb0dad6c0e92ebc72f024a61fb8507277e,1,1,2,1,1,0
3892,0xca429f32da09bbb1320a41f614dc90af70ebd2b1,1,1,2,1,1,0
3893,0x299fee10cd3f03ebb2f9eb5d59bfeb6c502dfeeb,1,1,2,1,1,0
3894,0xd4b24d6a234ab15f97a9fb2df3208ea67cd4b995,1,1,2,1,1,0
3895,0xc15681797244dc2a97a14130f418780fdb38d231,1,1,2,1,1,0
3896,0xba857d7e349620bdb979b4495c92796c7cf389f8,1,1,2,1,1,0
3897,0xf4c64db66ffb301985f5ecd85c8f3f9c02f2659d,1,1,2,1,1,0
3898,0xd47f6d5fb8dc684dfa75a0551889026738c5aa1c,1,1,2,1,1,0
3899,0xc4da1707a7a16cf4ac15d75d6a49a684b23ee1e4,1,1,2,1,1,0
3900,0x4d2e6d0092618c21124c598b7f619d5a7b44d184,1,1,2,1,1,0
3901,0x2c4ebdcd592a74b4022ad9d1fb00ab6976abe483,1,1,2,1,1,0
3902,0x8328b3a75735a78f89cfb2bc8a0d4bd52160046a,1,1,2,1,1,0
3903,0x9539e0bb588012cd609ea0807f84615139cfc79e,1,1,2,1,1,0
3904,0x119c7ee43ebf1dedc45a3730735583bd39e32579,1,1,2,1,1,0
3905,0xf11c9b45083b48ccf88d3fec1e39190094fb8e1d,1,1,2,1,1,0
3906,0x06226a75719826f07630640837d68cb0be3cc3b3,1,1,2,1,1,0
3907,0x4d98914339792d8c06bb44bdedb979a43e1741ea,1,1,2,1,1,0
3908,0x0e4ac6ca766db6d56e383b06a37455eee9dcff5b,1,1,2,1,1,0
3909,0x11f0758d1de21bbc69309221eec6be570c660322,2,0,2,2,0,2
3910,0xed8fb57817fc1626df0e6aedc05bcc26c7c190a8,1,1,2,1,1,0
3911,0xbd3186c74ef639aeaa79b94c93948f5c2cd7c673,1,1,2,1,1,0
3912,0xcd983774cf19fec5cdcc73c4027feae18efe748a,1,1,2,1,1,0
3913,0x8fe3a6b02251fb737ac308544a3dd8cae0f016b7,1,1,2,1,1,0
3914,0xa07221143565ac4202371cdcb15e7091cde47474,1,1,2,1,1,0
3915,0x435c943e85594b06855cfe4d7de5c439514f5890,1,1,2,1,1,0
3916,0x88f516c04969f470888473458b5e09342da08b7a,1,1,2,1,1,0
3917,0xca3f7f6aaa57271af09f001ffd0df315646a643b,1,1,2,1,1,0
3918,0x4ad547c22292e1571f3f850776cf26fbf442dbaf,1,1,2,1,1,0
3919,0x11ce580b7d64fb08f73161aa95835202ae1c9417,1,1,2,1,1,0
3920,0x4b09a379d88450bce02dba991dfcff787d7b7ba6,1,1,2,1,1,0
3921,0xe43c0b0ef186bab0282bee8f162c15f65c82b1e1,1,1,2,1,1,0
3922,0x3005f85caea16da1958b2f9211d35d74fd06027d,1,1,2,1,1,0
3923,0xde07df804add82e65a00c8f76be7577832a9bc1a,1,1,2,1,1,0
3924,0x35a214b13c9e223b8d511f343ac8fa94293233a1,1,1,2,1,1,0
3925,0x05e6f1b887c9aa5e32c0c560cdf99f55af9c997d,1,1,2,1,1,0
3926,0x55f744c5e91063a936bb3425c92e3838fdc5bc24,1,1,2,1,1,0
3927,0x2db6a41b988c2219b86b62caa8ef54efe7e40ffa,1,1,2,1,1,0
3928,0xd6a52bd7d80544199bc313d5193fd057bf0497cf,1,1,2,1,1,0
3929,0xc8bc047e2dab960578388181e5c20ff86ad6d08c,1,1,2,1,1,0
3930,0x9f3a008f1ddb1f545eecbc275f8f4738b39690de,1,1,2,1,1,0
3931,0xd5af1ed941b7a040bd478a123712a6d2925105fe,1,1,2,1,1,0
3932,0x27cc69b588ab79a7fa931a3d5c244eb5611d1df0,1,1,2,1,1,0
3933,0xd5cef3356af8f7b47abbe3340501a623c98fdb1b,1,1,2,1,1,0
3934,0x6a9fe486f1a2860ecf40d3f20bb9cc02d9c09e41,1,1,2,1,1,0
3935,0xb45976856ee46a0fca57ba68e2e8cc1cd23662c7,1,1,2,1,1,0
3936,0xa91f3109e1a43b001190f13881ff00fdab37785b,1,1,2,1,1,0
3937,0xc656b8accbb473c5e9943775472ff9178e88d765,1,1,2,1,1,0
3938,0xdddc8edcd464362b87747c112e29cbae2942e092,1,1,2,1,1,0
3939,0x862bb4dae420ad9bbf9292b8915e4bc6a4de6802,1,1,2,1,1,0
3940,0x68663fb06b6e718e7026aa1c2ddbc4e97ccd6c5c,1,1,2,1,1,0
3941,0xccaf8b4f1975d67ea40a9af9c87426b769695f84,1,1,2,1,1,0
3942,0x9dfa4ad012c06e873dcff45ae3a55a63d657d59e,1,1,2,1,1,0
3943,0x280900fb00c7ca0f77e04d7ef15287125cad14cd,1,1,2,1,1,0
3944,0xa29a7f8cf1a1ab64c34642e249d12d421f96ccbf,1,1,2,1,1,0
3945,0x6997060d6ba220d8a0b102e0003fe12796b874bd,1,1,2,1,1,0
3946,0xb3aa9923489bc2bfec323bf05346acd4afbc92a0,1,1,2,1,1,0
3947,0xdf90937e07c60108b505fe3c542ab782e0a19ae5,1,1,2,1,1,0
3948,0x2493931aee888f2156453e89e71a9f70688c3f61,1,1,2,1,1,0
3949,0x8b5064e2e18c266ec709cbdee1f2c44afd2216e1,1,1,2,1,1,0
3950,0x92c4eb73ec5733606ef3eb06369c2870287904b2,1,1,2,1,1,0
3951,0x2c145f7e559eb9cecfe13141246971ad888c072c,1,1,2,1,1,0
3952,0xa8adbeab8342fe7a2813b3f1e8db3f9da3b00fe9,1,1,2,1,1,0
3953,0x27980e645ef2533816173dfbb859a0817685213d,1,1,2,1,1,0
3954,0xdcefd647006e7263b4617ceeb8a047bdb48eaa1e,1,1,2,1,1,0
3955,0x28170161da7672c1c3b62c13c1ed669805cf30b5,1,1,2,1,1,0
3956,0x1f4c10fe51cdf498e02f1393168686088ed9b222,1,1,2,1,1,0
3957,0xb8b91c45579b26dbf2982271a15eacb5b634ed31,1,1,2,1,1,0
3958,0x1c155f18b0d6cf7b85ad342dbce981adb4ba7e53,1,1,2,1,1,0
3959,0x3362c627fe630193a9f10c8a6e0c0438eeba4cc3,1,1,2,1,1,0
3960,0x25dd75299f01666626bfde6885ce2153d33ef600,1,1,2,1,1,0
3961,0x4ae94ba1bc6100bc6865f802c1492070e266521b,1,1,2,1,1,0
3962,0x966183e244e4705c7070c3ff1cbee2b383b8d477,1,1,2,1,1,0
3963,0x62e724226009de1edb66b8b8be841781aeb256de,1,1,2,1,1,0
3964,0x073f99ef5db0f8557f47b5b4441117aa1d5b7162,1,1,2,1,1,0
3965,0x313e8f3393e120cb9c212648cfe9f3468ffd286e,1,1,2,1,1,0
3966,0xd572f7a46851ff89ba19bccba92b1595a158c0c2,1,1,2,1,1,0
3967,0x562b8019780a43e76407132814626da64f9c25b9,1,1,2,1,1,0
3968,0x0c1bf44498b72b8924709ff61c2f493eb2e35514,1,1,2,1,1,0
3969,0x90997aabec4c6461ec1623f7a2163dcb834179c0,1,1,2,1,1,0
3970,0x750d8de6090414b632892dd451af30ceb815cf0e,1,1,2,1,1,0
3971,0xdd08023fa5650fee24caabf8649f5cd92cff9ed7,1,1,2,1,1,0
3972,0xd0daddf983fce88bef3f10fc12280d0f0cd1208c,1,1,2,1,1,0
3973,0xfbcd2cf351293c1181f409c25630884b20288ef1,1,1,2,1,1,0
3974,0x53159fd1727808a4523a5fd914c1f095b33a2b4f,2,0,2,2,0,2
3975,0x6984df151b60a71cf7a6d1a16c046f3a4579806a,1,1,2,1,1,0
3976,0xc28de126e148361cad06a235eb39651652360ba0,1,1,2,1,1,0
3977,0x45d2c20b50bd34f09f9c99d3b94ceecf9804437f,1,1,2,1,1,0
3978,0xa2c6aa19102333335f83fae188d4d988ca948e8d,1,1,2,1,1,0
3979,0xe8b570e5cb10d6f10dcdd65dc984044ab54d13a1,1,1,2,1,1,0
3980,0xaeb2e2f6850970ce1f9d7dedd1e8879ad0212875,1,1,2,1,1,0
3981,0xa99c012da16c87e572e3e6a4fa5c58874e02bb57,1,1,2,1,1,0
3982,0x8806dfa32a5aada86bcbe70d5e564c3165a4ebf7,1,1,2,1,1,0
3983,0x7055980f3c61ce82921e404c85bcb69f4dda9353,1,1,2,1,1,0
3984,0x87c820e98ee69ffe900153b6dd5b5d06854c8761,1,1,2,1,1,0
3985,0x7ecd3fc5c664051f8315616173e96ac7c89ebcf8,1,1,2,1,1,0
3986,0xff114e68a94eb2f0b27d5b88f79fb25ae956417c,1,1,2,1,1,0
3987,0xf31ea257ff5b87d0b049f667fb1367a048064004,1,1,2,1,1,0
3988,0x68ab53e9100064885a987abfe9dad6ad66bd77f6,1,1,2,1,1,0
3989,0xd5bac35955405bf81d2bec4bf94dc587784e5be2,1,1,2,1,1,0
3990,0xaa17afe385c6a9b5e8a8bf330ec1aa0f145f8534,1,1,2,1,1,0
3991,0x1e70f2c76aa36725c220003b381a9f6eb22d723a,1,1,2,1,1,0
3992,0x3862ffa813aa484e7384d07d1e686fc1b81a2d9c,1,1,2,1,1,0
3993,0x47baba9b83c7cd484297e771d99076e904647511,1,1,2,1,1,0
3994,0x3de57f2679e9f3517ba1bd1bf8fb03b9abf765f1,1,1,2,1,1,0
3995,0xd752ba9712f139320ac1162994642dcd674ce3e2,1,1,2,1,1,0
3996,0x9d9f9e315d12f88ee0aa5549edf0daccec24c7f4,1,1,2,1,1,0
3997,0xbd1fd5215d3b01b4ac3b69059891332c35dcd410,1,1,2,1,1,0
3998,0x0144c47df1cc4d52ff115f758918dc42a9db48aa,1,1,2,1,1,0
3999,0x813038d951ffc37da4dd6bcbc61845047bd4d3b3,1,1,2,1,1,0
4000,0xc8858965a26aeb22b3e1c4e8c11282d154bdbc46,1,1,2,1,1,0
4001,0xd41aca80b32c23758c119bfcced0da6e3c681deb,1,1,2,1,1,0
4002,0x580eb89c3eb04965c4e6b59e099e9571762bc445,1,1,2,1,1,0
4003,0x7dac48015403d526eba39094d95847edd04f6d3a,1,1,2,1,1,0
4004,0x90985276ff7e46271bbce9528f7eac4e6eb7fc38,1,1,2,1,1,0
4005,0x2eeeffb80c17bfacdd31783f49ef5f30a37bf300,1,1,2,1,1,0
4006,0x752f434abcae0021ee9e069224b183ede5634a87,1,1,2,1,1,0
4007,0x4e5d9a44c2201d4b2ebd8870730672256af84fdc,1,1,2,1,1,0
4008,0x1b341ae8c0b0435559089041f5836cafd577f3a4,2,0,2,2,0,2
4009,0x7da7d1ec8b223a10a580174367a85feebdf5c1bb,1,1,2,1,1,0
4010,0x6ab5e043f3635c16d576052dfa99b29e0575830a,1,1,2,1,1,0
4011,0xc229d066040675c5ee4a6db894e3ff44ddb2554e,1,1,2,1,1,0
4012,0x8e4390a8e1f8e159de0afeba0588e45341e59bcb,1,1,2,1,1,0
4013,0x53fe1b209c917eeeb996720fe5418572bc0e836c,1,1,2,1,1,0
4014,0xb5f3b42d4095eea64900a499cc72066a502a5b11,1,1,2,1,1,0
4015,0xadbd97b820285dca3d138f16c62c52893e6023b4,1,1,2,1,1,0
4016,0xd70dc458b746117a8d9dd4f553d41348d892d238,1,1,2,1,1,0
4017,0xd7c7e5f8ca080d4f51436415bc7ff0a3d2e1611b,1,1,2,1,1,0
4018,0x5960c2676d1e3023f7b7b7955f8f685b344a8c50,1,1,2,1,1,0
4019,0x1d7307a6de292bd9f75cc1fbf0b733f6b61e369a,1,1,2,1,1,0
4020,0x9de4db116a678b96f29e03550b80fa553cdc2994,1,1,2,1,1,0
4021,0x72b2ec1d1d9d937ef092498f9f5a6bfc1102c5cc,1,1,2,1,1,0
4022,0x2715c60cf986fcdc9e5cd3dd403436aafdfcab7d,1,1,2,1,1,0
4023,0x057931155d0c6355b1bd108b0fbfe9bc77d59ef0,1,1,2,1,1,0
4024,0x252df17adada84d8a515533f4ec5df665e91e0a9,1,1,2,1,1,0
4025,0x4202c5aa18c934b96bc4aedb3da4593c44076618,1,1,2,1,1,0
4026,0x092a1735a0a1284ee7c77059185362b2d5948800,1,1,2,1,1,0
4027,0xba2a4a29bd342a90007964031733aac1dc2e3fff,1,1,2,1,1,0
4028,0x902a99a3fc7f0c94d6431341ab2abac4146c2175,1,1,2,1,1,0
4029,0x761f2584ceba9ead2ac193a60e38ed68ceed81e8,1,1,2,1,1,0
4030,0x002505eefcbd852a148f03ca3451811032a72f96,1,1,2,1,1,0
4031,0x0d09bd5e32426f7f2c8a61013895ca1904b3e8f4,1,1,2,1,1,0
4032,0x50f215ac1d5507eb5d025c0e125514ee67fd35c4,1,1,2,1,1,0
4033,0xf1e605f432ad86edbfe4dadfd9a53ff9a2b4c48a,1,1,2,1,1,0
4034,0x9feb1774f88bf92b9ad4da18b1a6804120986e27,1,1,2,1,1,0
4035,0x37fb0a005ac9fadb77f14710da04df6970a5ecc8,1,1,2,1,1,0
4036,0xdc5a1c4c03fdeb635eb71f52632acd115cdcede4,2,0,2,2,0,2
4037,0x80efd0863c9e55ad41e397aa7a420bb0df338aa5,2,0,2,2,0,2
4038,0xb7b104178014f26739955526354f6e0ea9ccb19b,1,1,2,1,1,0
4039,0xa1e4f7dc1983fefe37e2175524ebad87f1c78c3c,1,1,2,1,1,0
4040,0xbc486420659a2009987207649d5d0b401349f679,1,1,2,1,1,0
4041,0x0078f47826d26800d6f88431fc8b9afc2285641a,1,1,2,1,1,0
4042,0x63d5b67925dbcc66ab8c404fced4753f5dcaecf6,1,1,2,1,1,0
4043,0xdffe06649e20f535e1dece9e3e59763907d7134f,1,1,2,1,1,0
4044,0x11412347b506c0c65d8d3102f3597c112282f79e,1,1,2,1,1,0
4045,0xeda6c342c1682da29ac04ab06ab0bfc0238e5bed,1,1,2,1,1,0
4046,0xe4bb6f84e5353ce688955d1a17a6a3e3f4cc1106,1,1,2,1,1,0
4047,0xc66de2685b2844cc64767bdebb13cdb7f39e8597,1,1,2,1,1,0
4048,0xa46d49e6f816ed1f8079e662e9b17320cd8c8bcf,1,1,2,1,1,0
4049,0x348b3ccac1f8b763b19e91f5fba71b85dc305655,2,0,2,2,0,2
4050,0xf07455e7faeb9c9b4edfa6484bc55263f4932a40,1,1,2,1,1,0
4051,0x72c48b1505db7a441298563ee222ab3f54fb87ef,1,1,2,1,1,0
4052,0xbf0cc3917b3fd004d649479148b6e67a936777c7,1,1,2,1,1,0
4053,0x5a0ac19c120703c8535cd574209655875fcaf6d0,1,1,2,1,1,0
4054,0xd4b8646945ae8b6f2727f01db28f6c8c6a168c4f,1,1,2,1,1,0
4055,0xa4dd4687dcad6c97c779c3aeaacf149203fa90bc,1,1,2,1,1,0
4056,0x2172d6eb00eaa2380d3f8e15cc2d84b507424ffc,1,1,2,1,1,0
4057,0xd8f24f5f0382e197c1e87ad82b357209383470cf,1,1,2,1,1,0
4058,0x79e4944c76a8baf27720012843bd68a6ecf28c14,1,1,2,1,1,0
4059,0x75b7bca82f99fea27c7c750a6a5f105f45d9f4a1,1,1,2,1,1,0
4060,0xcf2941f68a4373f2176ed96976bab8b74adec6e1,1,1,2,1,1,0
4061,0xf19aed29a6cd4f5a1b3c8ed79d987e3fc1dca853,1,1,2,1,1,0
4062,0x5bf2e65ab4efea9213fb97f62bb646dce3698d8a,1,1,2,1,1,0
4063,0x799f768dfb8f3bbcd24fad9f1c98364b3883e785,1,1,2,1,1,0
4064,0xad7951e4d4608ad0890c10ae5d03ab2a4d87b42e,1,1,2,1,1,0
4065,0x6fb6e6d7c001712984fd43380b57cad604f57c3e,1,1,2,1,1,0
4066,0x4d90b6a7ecc8919d494a4cff6c1fd966a0a78c17,1,1,2,1,1,0
4067,0x0000000000f3e40730ab6aa40e926fcde8a4db53,1,1,2,1,1,0
4068,0x1c277bd41a276f87d3e92bccd50c7364aa2ffc69,1,1,2,1,1,0
4069,0xaee497ca6fb23bcac4957df782c7ab40d69886f0,1,1,2,1,1,0
4070,0x4c910551a6acbe0f50bfded3dbfb29d529d3200c,1,1,2,1,1,0
4071,0x3eeb0543b4e0c0b6b7734d3e34a4fa884f71a7b0,1,1,2,1,1,0
4072,0x4c7bc34745738b65d84bcbbfcc9a3316820de818,1,1,2,1,1,0
4073,0x2ade4d09bee7a81afeaaabe7ae5f11ff82a899be,1,1,2,1,1,0
4074,0xad08048f5ad082994b296697481e4e5dbaf2454e,1,1,2,1,1,0
4075,0x765e4bd7b83d7efc7ffc18e9592920dfe4516da6,2,0,2,2,0,2
4076,0xee097bd75c6299dc12fd91e31ec10b797d572747,1,1,2,1,1,0
4077,0x608a82864389ce936de1527842481dda7dafeb30,1,1,2,1,1,0
4078,0x199538def890cccd1dbc8eddcd790ba2744a46b5,1,1,2,1,1,0
4079,0x8c81ed45c7c90cde19a1b8531c34e1aa1740e14b,1,1,2,1,1,0
4080,0x85909dd2e782d1e4f0c3e6f71881d16b0440a05a,1,1,2,1,1,0
4081,0x818302550e336cbc6b9a6f1841a524d8797e1095,1,1,2,1,1,0
4082,0x58f8cc74141a950595257b152b32248235a2a5b2,1,1,2,1,1,0
4083,0xf8c65c647fb49edc1595e95cef90d5b612828f6b,1,1,2,1,1,0
4084,0x6feff91951bb5d3438c37f0ad6f9cbb3900808ff,1,1,2,1,1,0
4085,0x9c0fe354f36fd0717e9d41e2a3c1d325f450d824,1,1,2,1,1,0
4086,0x52dc9413689e2b41432d14703f29006373b094e5,1,1,2,1,1,0
4087,0x8130a7aa554e8709068eae197aee6e5d5231e256,1,1,2,1,1,0
4088,0xf127a02ff5b21b25e9f939dfafebb352c81e70d2,1,1,2,1,1,0
4089,0x0927ba4b9e7176efdb6ff254f5fdc84d5df87f84,1,1,2,1,1,0
4090,0xc8a9995a97b98f23c83ca59dcb01b6dcfb75a865,2,0,2,2,0,2
4091,0x840ca0bf15d9682ddc6495d49a15ec64f3875b4c,1,1,2,1,1,0
4092,0x001235c47a25d1ddf429878073232ab58c957654,1,1,2,1,1,0
4093,0x7e53a3857f6f80e4340d2b80b24cf893b5ad41e4,1,1,2,1,1,0
4094,0x6b49763f4e2d6eaba7733277c8b2dfb79ed14f1e,1,1,2,1,1,0
4095,0xebcbe78b911bcf250be86eb5a0ea5da06ce93dc5,1,1,2,1,1,0
4096,0x8246a3735f5c97ac548b53075aeb3bbc711f34c5,1,1,2,1,1,0
4097,0x8c489f3d5011256f31dc2f319e9ce167c7212c4f,1,1,2,1,1,0
4098,0x8fd4152bf9be1637d77c2017b93b9028f1a57088,1,1,2,1,1,0
4099,0x2e2e95ff8042a14fa49deb03bdb9d9113868494e,1,1,2,1,1,0
4100,0xa480db1a6d8ca97564481154c7ee12bc5eada0e4,1,1,2,1,1,0
4101,0x74ac45c146bcaa47a227c87a32860eb8ac3e57c4,1,1,2,1,1,0
4102,0xf1dc23c0888d9fc5a04bb5828c80b3a130f841cc,1,1,2,1,1,0
4103,0x890be1fb49f86938100b687c0bedf6322e530894,1,1,2,1,1,0
4104,0xaacc4ea6188fb9d2f8ffee395fd4a75f7e5518b3,1,1,2,1,1,0
4105,0xb527569aea06918e0a05e281ac03d568ab9e5fba,1,1,2,1,1,0
4106,0xc32bea8d610755e1dbbd6fbd2ed08c2e31663f14,1,1,2,1,1,0
4107,0x50dedbd256853aa91f4381d16a4a0a4b4f985721,1,1,2,1,1,0
4108,0x234892f1c8cb50f0949e523c2971c4d3debfc3a5,1,1,2,1,1,0
4109,0x7a8bdc6a0f98159a9c1cbd28892512230b94f65b,1,1,2,1,1,0
4110,0x520ce049327e673313af5a4890bc305354f4d102,1,1,2,1,1,0
4111,0x0ebbac9817029d4b302734b15b97be1a02eb9b60,1,1,2,1,1,0
4112,0xe91b188ce4e29fad129f9929b18f6f80d7276470,1,1,2,1,1,0
4113,0x2e792ddcf489e7648bbc630f4a9a542949b160f1,1,1,2,1,1,0
4114,0x0f485d1768a42096372071501fbe779923fb54ca,2,0,2,2,0,2
4115,0xe8674ff4349c65bd929f61e6a3089757db31684c,2,0,2,2,0,2
4116,0x2e95e1cd077f29733c65d885ce7afe278d0726a6,1,1,2,1,1,0
4117,0xf4bfb4a49a7ec689df9f213f533dd3e1ee828201,1,1,2,1,1,0
4118,0xf4117bd73248578aaef0da6550046529a4768b93,1,1,2,1,1,0
4119,0xc8f789e3b48f8cf61778172a1c7c059c8b481c31,2,0,2,2,0,2
4120,0xf031ff6c94bf11f74b2f42a819b97bd3f893186e,1,1,2,1,1,0
4121,0x88b8073739f867126c96f392512ddb34ef3a350e,1,1,2,1,1,0
4122,0x4a57d219957e794753a8a9132df115f7fea81d1b,1,1,2,1,1,0
4123,0x48a576a33f3b607db663d2ce278341751f973236,1,1,2,1,1,0
4124,0x501e9987bbf5140dab604f01c7f013aba6dd22b0,1,1,2,1,1,0
4125,0x6b1b3d886c2629f1cbc4612d2d9ada8030a12fbb,1,1,2,1,1,0
4126,0x19b616fe1c5a9415e3d1bd5e0cf332836c32ee67,1,1,2,1,1,0
4127,0xc6749c94694d3401ec716a287d10ba13f87a57d0,1,1,2,1,1,0
4128,0xc64a4ad8fe5358604e62dece47ad5e591776fb94,1,1,2,1,1,0
4129,0x18e0346513fc6732e13192fd6673fff5c43f5d91,1,1,2,1,1,0
4130,0x4249cfac67b7216be38722f4662831d8eac299e3,1,1,2,1,1,0
4131,0x1a7287b0312e9c27805604c19fc1e57c182e8e25,1,1,2,1,1,0
4132,0x474f5266adc3359ec16c9c83d0cbb3abcc533bbc,1,1,2,1,1,0
4133,0x7e17369c16cc0b5fd06ebc5e39119c9a6f66fcb9,1,1,2,1,1,0
4134,0x0e569d21238a29d82acbee5e51c717bac80a2dd8,1,1,2,1,1,0
4135,0x8cd519d58e38e37955fa19d20ef6f9d3074f1a3e,1,1,2,1,1,0
4136,0x9a7fd34431db6bbb7887d3ac449a7b8175add3a9,1,1,2,1,1,0
4137,0x83dcfc647fe44a04260a995bca623f4c6d12a40d,1,1,2,1,1,0
4138,0xb5671a365a7a693afcfef46a86a94406befb058a,1,1,2,1,1,0
4139,0xcd5b9e6ef3e07b928decacc7a8c26c42dddf880b,1,1,2,1,1,0
4140,0xe222dc43a1ec281f01546498eefeb15e51e3fe69,1,1,2,1,1,0
4141,0x33d1ea5cf80da4e9a0317deef6ec63ee01a3901d,1,1,2,1,1,0
4142,0x4932ca2bfed7093ae8ef311f0191fe5115db0213,1,1,2,1,1,0
4143,0xb7e89b0e3737cbbb5f96743d3c8395b9dcc15a70,1,1,2,1,1,0
4144,0x5198b9cafaa588870d10a127f1e249b18c0fa2bd,1,1,2,1,1,0
4145,0x2f7e9aacdf119547b40e933c0985c5019cb18adf,1,1,2,1,1,0
4146,0xfe5bab72af1aea76aabc28562e584e59d2708196,1,1,2,1,1,0
4147,0x94f901888cbca1e2e060478f5938971cc1136920,1,1,2,1,1,0
4148,0x01630a80ca2b3a9da2f21d7af6e78414f2f2954e,1,1,2,1,1,0
4149,0xdf748bc639e8f5b96c0f488eb931128eff49398f,1,1,2,1,1,0
4150,0xe98c5b14bee7d654948c65d423823d1f1f6f34f3,1,1,2,1,1,0
4151,0x6c6ccaef05b4fde0055f195ef5f022853431aa86,1,1,2,1,1,0
4152,0x6bbd8a86d928b2598118ac4d76c44404487e1276,1,1,2,1,1,0
4153,0x9be669e5a43c4bc0f964d45918cb66800758e2c5,1,1,2,1,1,0
4154,0xc5d6b8d600373a36b8ad061a336df8180554e8f1,1,1,2,1,1,0
4155,0x7a241b26f2ac47e222a776019f03a03568c47d1b,1,1,2,1,1,0
4156,0xdf5a04fe2d49971e580edec9ad4cc48dee8ac705,2,0,2,2,0,2
4157,0x4c956623424394c5dc4fd71f04bb28ee117b496f,1,1,2,1,1,0
4158,0x1a66d7563265b1267bc9a43e56904f5db05c4181,1,1,2,1,1,0
4159,0x80d762e5a4dc2bc237f594a7f696b5e216067036,2,0,2,2,0,2
4160,0x72185924ff9c68f1e02f7b7ec16a898c02d54510,1,1,2,1,1,0
4161,0x9ab9d54584b309d10ea18eff6e77a3052c9f0acf,1,1,2,1,1,0
4162,0x22cb0be21b864b13bc5e07ae049b4ee9ded5692b,1,1,2,1,1,0
4163,0x5c8ab14682ecb899cbe2a91b92c2da48c56c436e,1,1,2,1,1,0
4164,0x773e46b1b1a9b0e976c1e6774350f84edb40da42,1,1,2,1,1,0
4165,0x766dcf6a41d0e28db73a38b77bc3fa1c48f511a0,1,1,2,1,1,0
4166,0x393f4926dd5d2ac59614dc5bd86dee53e5b44679,1,1,2,1,1,0
4167,0xb231bb67cf759febd33b1185469c7808e26f1e5c,1,1,2,1,1,0
4168,0x9b3e448875d4e4de983ac5ced7f9d429ffab3ede,1,1,2,1,1,0
4169,0xcf66b406fa6dbddb75d516a21179e8b81cde2ec7,2,0,2,2,0,2
4170,0xc6cf5a020bcfc65c6f8181c04cbb5ef5050fe28e,1,1,2,1,1,0
4171,0xf92858da9c178b50167fc8d0a7e737ad12e08cbf,1,1,2,1,1,0
4172,0xa78efed06306936506a32fa892c086a94f5c4db7,1,1,2,1,1,0
4173,0xc17d9ae96c34916c8f8431bb620c88cba4f0e138,1,1,2,1,1,0
4174,0xf8fd5c751abf0b10cd87f0a2b9f0b13357ddaa49,1,1,2,1,1,0
4175,0x1945578febab92a095b510d1ab483e26b59c696e,1,1,2,1,1,0
4176,0xc03eca0ec58ae6571c73edb1a565dcfb9f9221f7,1,1,2,1,1,0
4177,0xb011648511ac53cc9074bdeb31a5d2b9e2400c53,1,1,2,1,1,0
4178,0xfd8511e0d62eb6eb0810a4ad8118c1aa448c5b18,1,1,2,1,1,0
4179,0x8325ca1c34cf1fc09cd06f45b7bee3b8cc3fc23e,1,1,2,1,1,0
4180,0xde62741d5ea92c789e4fb932dfadf076c9276079,2,0,2,2,0,2
4181,0xd36e318255e8dbc92db089f90d92328c759164fe,1,1,2,1,1,0
4182,0x981075725317956712242025ea77614dd1d9a2d6,1,1,2,1,1,0
4183,0x5d6ebeb0008807e59b23c55d0e7969d442fd28d3,1,1,2,1,1,0
4184,0x2fac3ebf0ab281ff344f9e5fcc4f837fc21d92c4,1,1,2,1,1,0
4185,0x8cb66169955eebcc7094d20e0988f599d51c06b6,1,1,2,1,1,0
4186,0x77dc5a1728c81f80f34f2f3f956708de3a317e69,1,1,2,1,1,0
4187,0xd3df64f7219f9d452948132706607804e2248772,1,1,2,1,1,0
4188,0x98ea82ac93165f77d69a4fd3243b121f1c56e4a8,1,1,2,1,1,0
4189,0x86fff6af1614bc18c72840ff8e6c033dd43bed8a,1,1,2,1,1,0
4190,0x953c64f3fec00b489b94bbcc4b55f431c68c8ceb,1,1,2,1,1,0
4191,0x1468961251dcd6fa7074031fb3bdace0a2fd8103,1,1,2,1,1,0
4192,0xdeedb18a5a08a6d3622a2fca03c09afb5719280b,1,1,2,1,1,0
4193,0x81c4bce7ac591dad395b657616fe3ea3fba15c0a,1,1,2,1,1,0
4194,0x94f4314919a5303e94ee255dc6aa88d5fe84eb0d,1,1,2,1,1,0
4195,0xecaf401a100ff4e390075a5d45f7db021f90a0e4,1,1,2,1,1,0
4196,0x69bc8b7c83129b14e2096c3b6fdf2b5fac6d4b82,1,1,2,1,1,0
4197,0xa4b6acb26fc5d1b56173ea411f8be26f86ec51ee,1,1,2,1,1,0
4198,0xc12a9f690aff7134f9d7ebe9265e78aff6ae8aad,1,1,2,1,1,0
4199,0x14af1f801e88314a9a677a0d35517c1d43c51f51,1,1,2,1,1,0
4200,0xfe2591b8469c497f1bae5b78432e6e51d28f29fe,1,1,2,1,1,0
4201,0x580010c0f963dcda70bc32965aea71f7d8a55e67,1,1,2,1,1,0
4202,0x4298e663517593284ad4fe199b21815bd48a9969,1,1,2,1,1,0
4203,0xd0c5a5c281ce5f8a0016f310bd428111b44159a0,1,1,2,1,1,0
4204,0xac2086fed7350ef9aa2ccf698d95ca1726910185,1,1,2,1,1,0
4205,0x8521520f897490116ab0c379ef5822e2aa582799,1,1,2,1,1,0
4206,0xae942e49bc61b162c9db088281cd169cb1d5560d,1,1,2,1,1,0
4207,0xeef4aa59608ba89253948f872c277232dc10e955,1,1,2,1,1,0
4208,0x3839a55640338fad0d610443ce1fda7362fb0422,1,1,2,1,1,0
4209,0x8ce39b6e388e30c1c0b398ffcee7ddf2fa9afa3c,1,1,2,1,1,0
4210,0xc8a9f246987bd00baf8245fcc9f9424b48a5db43,1,1,2,1,1,0
4211,0xe63c78adcb7a766ddc48e493de46094b59376ef5,1,1,2,1,1,0
4212,0x0558c59cd74d1cbf12e9337e33732a83040592a7,1,1,2,1,1,0
4213,0x80ca839a5b64861de3efaea4f9e6fdbba1ae3982,1,1,2,1,1,0
4214,0xc77d249809ae5a118eef66227d1a01a3d62c82d4,1,1,2,1,1,0
4215,0x3ea1db3cf3e40039d35be41949d8eb24e856b469,1,1,2,1,1,0
4216,0xd8b07bc1bc3bae553bca5e94e99935dc12df24ff,1,1,2,1,1,0
4217,0x1017c9cadbc6d906820e75935448a9795c40e69a,1,1,2,1,1,0
4218,0xafc11b0727c466f2647bc2455c5c01789e90dd50,2,0,2,2,0,2
4219,0x445130702eb79291b597c98386b2e7b6d7bb26b1,1,1,2,1,1,0
4220,0x0dbbb76102f258a9730c7619ef6dbe8cca53334f,1,1,2,1,1,0
4221,0x444e591404f12d98c5831f20ed3446c9ba4a2556,1,1,2,1,1,0
4222,0x390a0297decd89be9532c0e4cd178450fd1cf448,1,1,2,1,1,0
4223,0xa1a8314f5a3e390ce27d58670b581aeb54e18f05,1,1,2,1,1,0
4224,0xd9b37ed759aeffcbe58bef0e4400d735daa64c45,2,0,2,2,0,2
4225,0xb98634e459f7ae61f7822e211cb4d71d58a0a244,1,1,2,1,1,0
4226,0xd6965ed57661b2cb59929ed5a42750ac5ca1dd7d,1,1,2,1,1,0
4227,0xa89b0dc4c6916816bccd83da7898df6b7fcf195b,1,1,2,1,1,0
4228,0xa1a7334a68d31091d821195e358e7efcc193e6cd,1,1,2,1,1,0
4229,0x0a49de8e4f369c82b5315a40ad0ac67d529a895f,1,1,2,1,1,0
4230,0xf187d2d9eea2ab9d51f8caec1b16b15f440cf37f,1,1,2,1,1,0
4231,0x4fad0a274e2ad95b5bb5d20c477acc216c45fedf,1,1,2,1,1,0
4232,0x1c440ade1a6b331a0af38ce399636df6f5de3783,1,1,2,1,1,0
4233,0x4814b9e98a954dd2666248f4e7cf28eb2d3d1f81,1,1,2,1,1,0
4234,0x155017465c589c3e1c0e9ade355f25730f4bb1c0,1,1,2,1,1,0
4235,0x3b30d44df9afffc07a51457e18410c4ca0f90896,1,1,2,1,1,0
4236,0x2be40ca010d5fdf8558ebba39f46f9c069760b45,1,1,2,1,1,0
4237,0x47ce3c23a5d72a12e6e03cbe688f8c67329f8276,1,1,2,1,1,0
4238,0xce9f912b6cfd6e76dda48e276d03edb726933cc9,1,1,2,1,1,0
4239,0x4cf89ac2393fa4be4415a508e8cbba09ea1f1672,1,1,2,1,1,0
4240,0x27bb7b14657bb5bf19c5fd47266db9c0be155735,1,1,2,1,1,0
4241,0x44d2bff35beb10b6e53a4bdb16595c6b8abd2f2e,2,0,2,2,0,2
4242,0x1a62e6f3fd7574666b84efd59763e807988829f5,1,1,2,1,1,0
4243,0xb88581e9bd61784a832b6fd40ca06bd81f94142e,1,1,2,1,1,0
4244,0x70d2e6c6ff8c7eb45bfc8a6f410f56e14efda6db,1,1,2,1,1,0
4245,0xfc91e14a606cef9381c3f2761fafb613df5c2dcd,1,1,2,1,1,0
4246,0x2fc2b9cdb932219e06bf97dffc2ead7b22718a37,1,1,2,1,1,0
4247,0x2252bdb50f48b23e124e7a98542e2bd2325cc4b1,1,1,2,1,1,0
4248,0xa9d2bcf3acb743340cdb1d858e529a23cef37838,1,1,2,1,1,0
4249,0xe8d713f58fdf0c3db34f013fdd18209bde65a0ae,1,1,2,1,1,0
4250,0x547b5c49fc8fb063ed39799b1c62f2f3ef996d5f,1,1,2,1,1,0
4251,0x225d439aea9e9e5182353b358318472520432406,1,1,2,1,1,0
4252,0x9ebfb53fa8526906738856848a27cb11b0285c3f,1,1,2,1,1,0
4253,0x924dc2617d2f3c6b5c305b8063dbe5b0a659759a,1,1,2,1,1,0
4254,0x8a4101fc5a1de656df8fee799d395aa5d5f497cf,1,1,2,1,1,0
4255,0xc2edb9c398e1d632ad81647a26254c33801685df,1,1,2,1,1,0
4256,0x34f4c58bd278fe92b32e05452ab695383779e938,1,1,2,1,1,0
4257,0x6abe4c169da99b9771005f655f9524d6085ad6f7,1,1,2,1,1,0
4258,0x13abc88c3e69032f19260e043274a878bba074b3,1,1,2,1,1,0
4259,0xc00e378ec184c2bece47411fdfab12f08c65e3ae,1,1,2,1,1,0
4260,0x5b00d2644deac30eafafec89263a0c8a61a14e3a,1,1,2,1,1,0
4261,0x291f51d06ffc77347d1ced2bed0c42a60cc4a788,1,1,2,1,1,0
4262,0x39bf5d58241b502ec607f46a6fe404e45ecb6ea6,1,1,2,1,1,0
4263,0x1310bed4e6aa0cbf82424058e7a5f82cebe2a132,1,1,2,1,1,0
4264,0x25f5be5b2fef4831d8b1ba6e870e528a8f8d7a02,1,1,2,1,1,0
4265,0x758e5356841401c7cd3f938e5d7aa822d67f1267,1,1,2,1,1,0
4266,0xd340e01ae68e27f2e50ed8191adb71c2094fc274,2,0,2,2,0,2
4267,0x5ae73ea42d55a4994050ba8a3351087375aa912c,1,1,2,1,1,0
4268,0xfed52bf80d4231f7f6f017790935d0e44c59563b,1,1,2,1,1,0
4269,0xec1729cf062c343751e7d1e07724e7ee31510c42,1,1,2,1,1,0
4270,0x4d2fa16ae13c563f4937d768aca333e4ab7adced,1,1,2,1,1,0
4271,0x8f690c0a2b76bb39f7242dca6b8a17fb670f2dcf,1,1,2,1,1,0
4272,0xd2dd1dda1b66e054505406f50fb07b723f7c95c2,1,1,2,1,1,0
4273,0x3ab8b6ffed231a16ab70b3725480e674ac0fc5b9,1,1,2,1,1,0
4274,0xb876c875b463683b47fb3dbe938399950d7d8e75,2,0,2,2,0,2
4275,0xa6982be17c76ab2211e04f4bb5d7367f1b9ce62c,1,1,2,1,1,0
4276,0xdaef1b271742729bdcce0acf093a1847f3bc2927,1,1,2,1,1,0
4277,0x0d5fa53391a060085506311353581b920adb499a,1,1,2,1,1,0
4278,0x59ee696890b454cad31c88884682e3bb54014c5f,1,1,2,1,1,0
4279,0x787ef1eaa748055060ce8ddbdeeac65e70aeeec9,1,1,2,1,1,0
4280,0x368bc678e11bbfc9a0eb8950e1758a357a586f8a,1,1,2,1,1,0
4281,0x1724590e9dd0c9bab877583c668d9e57cd562ad9,1,1,2,1,1,0
4282,0xfbee08e031a62dc8286b31853b630aaff2a73f80,1,1,2,1,1,0
4283,0xf3b77693b73961d2f8e042ae2928c25382e6baa6,1,1,2,1,1,0
4284,0x9034fa7e735efbcf5a3bc81271ba72a3141bb43b,1,1,2,1,1,0
4285,0x47dcb6e3490426c1b045ae2ca87117f59f134d7c,1,1,2,1,1,0
4286,0x22bca65b7a436d46ee0b37e01ffd3f1b7e024568,1,1,2,1,1,0
4287,0x90e547bf19323bab9993b04a408d983a4c2a0b66,1,1,2,1,1,0
4288,0xcebd3df94768c6867fef0cb0593ff243bf177554,1,1,2,1,1,0
4289,0xf6234eca59666873ce97fb85eda6390ff6616f6f,1,1,2,1,1,0
4290,0x273791c7a62e30f103f67a97e07f55e487049287,1,1,2,1,1,0
4291,0xed95dbbc066fd0a28038145f58f2c5944a185a69,2,0,2,2,0,2
4292,0x9c049c5a973e9637cdf5f7c31b93ec074161d2fe,1,1,2,1,1,0
4293,0x2754e39b73a2541cea54b614cfe47772c145bb03,1,1,2,1,1,0
4294,0x7ef8c8f5eda250b62573fbd75e204884637d883b,1,1,2,1,1,0
4295,0x7517491cdd948cba2da1c05682f45f897b48456f,1,1,2,1,1,0
4296,0x4d0ce42431f1b1f19cc4eb5e03544fbc670e83dd,1,1,2,1,1,0
4297,0xb52b0202b4785afff177183489f0d6a819828ed7,1,1,2,1,1,0
4298,0xc9fd06f79264c87ebebccaa826299a6ffe1b5968,1,1,2,1,1,0
4299,0x4086d400a17617c4a863c05e5af6139737992cc1,1,1,2,1,1,0
4300,0xa61f438c227c0af7ca5c53ba8057325fde72a811,1,1,2,1,1,0
4301,0xfaf3d9f29eb3c452a5f55333eb30a71e05ca0d7b,1,1,2,1,1,0
4302,0x063b6f85322d4783de7e3009fa3af2c3d970fe45,1,1,2,1,1,0
4303,0xfedd6ed4790aba1b2c99ecefaa1f6f244881b3ec,1,1,2,1,1,0
4304,0x488d4cae745cf975ecae86813ab3b77cf3636c22,1,1,2,1,1,0
4305,0x50161b61b902e6ae7255200a774e937ccfeae65f,1,1,2,1,1,0
4306,0xa5765ec557b7f6ac09d14ee80eef0a11cee203e3,1,1,2,1,1,0
4307,0x3167d620c97668d6b19f2c58fec5f84cbb523dc8,1,1,2,1,1,0
4308,0x7c9b464737d2f5a0bd95cdf3d419c245fba98e7f,1,1,2,1,1,0
4309,0xf8e385fcb6fa88981518c33e555412249dffa2cb,1,1,2,1,1,0
4310,0xa458371de94fdcdb9d8719431f936504c0376f0c,1,1,2,1,1,0
4311,0xe9ec96c2c17b570cde9cf09b65130fb5922aced8,1,1,2,1,1,0
4312,0xa28e76149d03aa311fef87c81bc0a26d5bf2098a,1,1,2,1,1,0
4313,0x7e4cab656162c16a2326c7b008c9cee2f978af5c,1,1,2,1,1,0
4314,0xe2a4e3cc23fa48847dab8ddfadd270d347a81930,2,0,2,2,0,2
4315,0x3ecf0cee29d5d1dae30ef1a57afa6cf2370caa71,1,1,2,1,1,0
4316,0x4209859ae2992f581d2678392b4ac80c13d5eed4,1,1,2,1,1,0
4317,0x319cefeb796f6ea9c99c04f22617b8168f1f7fd6,1,1,2,1,1,0
4318,0x50f5804383c72b105aec9ed8aa64d6367b40a39f,1,1,2,1,1,0
4319,0x559767931c5d238afe9dc73042531e6eb1d4c279,2,0,2,2,0,2
4320,0x8b501cebccacaa2f96c0ce13689d774e39447f6f,1,1,2,1,1,0
4321,0x86bfb79503460a7b6a9c111ac5d8c6ae28a1acbb,1,1,2,1,1,0
4322,0x0f57dd84c5b55f29f012c7c6c34c444e78806ed9,1,1,2,1,1,0
4323,0x7b768c81353cd5ff73b74e72dc7409cf789436a3,1,1,2,1,1,0
4324,0x8dc24f29bb67bad92a90dfb7ab58c702b4bd73f1,1,1,2,1,1,0
4325,0x1621e9f1b740a9c3d675257155f2e4cf4bd5e9c3,1,1,2,1,1,0
4326,0x64f2f56244c5e5284c707487e9f199439e38b502,1,1,2,1,1,0
4327,0x004775cec7c60ccefa0a05a119db956c3a1f41c6,1,1,2,1,1,0
4328,0xb7c624d3b8357d1cea525c8b295ef5d90a6eddfc,1,1,2,1,1,0
4329,0x7119c64ef25c1fbbca006848c12b9fd28f586767,1,1,2,1,1,0
4330,0x2f898d1ae035eeab50a3c6ceb90151fa5b0f668d,1,1,2,1,1,0
4331,0xb05ec892accb6b4be6637f5c9ac410fa09527b17,1,1,2,1,1,0
4332,0xff5db8d7bf2b47b6b3d01bf5db0647b3a329e35b,1,1,2,1,1,0
4333,0xd906736170b19c218fbe262f940e9ba2bb3d16f6,1,1,2,1,1,0
4334,0x4ebc1d8ca0653cdc3b85302bfec0b37c99502276,1,1,2,1,1,0
4335,0xed3e65a7a366305db65bbfe544299e2f865da572,1,1,2,1,1,0
4336,0x256478da32fb4eab4764ac762d70a772ec586ba2,1,1,2,1,1,0
4337,0x18c1e5e758edd9d8cdc2feb4fd2ceec0ac6f9fd2,1,1,2,1,1,0
4338,0xf403f017e9937f00fd8fb798cd7e4bd79775f476,1,1,2,1,1,0
4339,0xefd0f1e23beb6ecf79384b78f997bce26ceb5f0b,1,1,2,1,1,0
4340,0x5b5782ee7df22d6557ca1f3714bca611925c8417,1,1,2,1,1,0
4341,0x46f71831f063e293b14f32cdc42fb3a7021c4b4a,1,1,2,1,1,0
4342,0x544f96434f77437425d5ac40fd4755c0cf39399a,1,1,2,1,1,0
4343,0xdb7711032a601054a4fc30d67786e9e613a26a8f,1,1,2,1,1,0
4344,0x4b17bc16a267aa73553f7e0b4c54bee44de1d368,1,1,2,1,1,0
4345,0x8eafb616e4519578195b32c2d5e07578f2e1cb87,1,1,2,1,1,0
4346,0x1e77dc8b1a6a9b34487133bbce189412697131de,1,1,2,1,1,0
4347,0x6a4d6d7c20a0a7fc814270cba881e6422b3d4707,1,1,2,1,1,0
4348,0xe862d71374c70b8933500742b0fbff46a4c193c7,1,1,2,1,1,0
4349,0x8de04fe265d659bfd3e98a9359892749990cd2fd,1,1,2,1,1,0
4350,0xa8e815930007ca0f1e90cfd0f5e24116989f0375,1,1,2,1,1,0
4351,0x5b19ad146788d181e029370ad8be56f51885c5b0,1,1,2,1,1,0
4352,0x5c7d1b52e0ff9464a29092da4cfe49b804aa5e21,1,1,2,1,1,0
4353,0xfeb48bbb3fb0a56b8a4df2c55bb83bae1305412d,1,1,2,1,1,0
4354,0x291b1773c4ead9c864c4d66b4feed1e9cad83658,1,1,2,1,1,0
4355,0xb9a94219a1ebaa8376a9dae3d15799342dfe15b9,1,1,2,1,1,0
4356,0xb465f9e60812a11248edac7607027e0462778995,1,1,2,1,1,0
4357,0x12706fc27f5d92fcbc2ef92df5ba55e0986537fc,2,0,2,2,0,2
4358,0xd06fcd267de8c54da81ddd85d19f342d5dc0ff4d,1,1,2,1,1,0
4359,0x356231323bf7cd3e57e577de73f4d2e715275eab,1,1,2,1,1,0
4360,0x1e2083e43543bfc789906a6bc49ce020d84c742b,1,1,2,1,1,0
4361,0xc6068433585ed0141315122bf17a39b39acae511,2,0,2,2,0,2
4362,0xbdcb581da271b87a82584046e16c46dffd6e7785,1,1,2,1,1,0
4363,0x4ac24db5943239101aed3a328cc57e172db40805,2,0,2,2,0,2
4364,0xfa8c87044acefc103e10a838d648a54a11b8b929,2,0,2,2,0,2
4365,0x2f669b9ce84a4e19fba88af7c135fa13c45a26fa,1,1,2,1,1,0
4366,0x6bcb261896c387e312cfb23741c9fcd71d5e2ad4,1,1,2,1,1,0
4367,0x77750c16b5e033dc5f66049be2f7fda6c784e17c,1,1,2,1,1,0
4368,0x1eef934c62e7dc1ae9ea800c478f2879d6a5784c,1,1,2,1,1,0
4369,0x0c1e99991dd2f7d374bff13f9f52284ce6cfdae5,1,1,2,1,1,0
4370,0x3941578e47bcb7ac5f006488de8d0ca8461bb0b5,1,1,2,1,1,0
4371,0x7d0aa9dcc89484387f09c66a354e0c0607f51eb9,1,1,2,1,1,0
4372,0x94878d65ee233e643946b36d87a6d94d47f2b947,1,1,2,1,1,0
4373,0x999197f9e9c8cbf7e54d713f2fe28418d23f0006,1,1,2,1,1,0
4374,0x6bcfe3987ff0f14c07a00480fe8812d945f98907,1,1,2,1,1,0
4375,0x21c44e22a3a98cb1c76a4d0dab79d2de68848beb,1,1,2,1,1,0
4376,0xde4df2f00c1100383b5a1c7042e4e82144733a66,1,1,2,1,1,0
4377,0x38b3bb561700fc263240c4bcfa6f9a5a10167556,1,1,2,1,1,0
4378,0x52823adb58faa92fe411a2d42790f145c468c373,1,1,2,1,1,0
4379,0x814c87f4982b89112b09578f44731a5610d8bb1b,1,1,2,1,1,0
4380,0xc174f66ac86782f80580536ee72a1d65e203aa23,1,1,2,1,1,0
4381,0x23b886d9242adfda18203d4b0ce9e4c5499166b6,1,1,2,1,1,0
4382,0xc28df8d35d3c35e80c182ad002479317eb52d306,1,1,2,1,1,0
4383,0x182fe7b9218592f5e072096c83a270281b74529a,1,1,2,1,1,0
4384,0x39297e089b22d21d797f010de9d453f2ee4f38b0,1,1,2,1,1,0
4385,0x40651d456314f4cd9c9ab0129411882030f67394,1,1,2,1,1,0
4386,0x7d79bd0e4b3dc90665a3ed30aa6c6c06c89d224e,1,1,2,1,1,0
4387,0x86f8f17dbb9ead2ec85785805b0751f69de16ca1,1,1,2,1,1,0
4388,0x777774b1a7b236cdefe637200bd5d94918c0d1a4,1,1,2,1,1,0
4389,0x0c297eb3302f14170d6ac4168b5e83b2ab7bd60e,1,1,2,1,1,0
4390,0x5b62eefeafe3209fffd2b7af190e10f3d88601d2,1,1,2,1,1,0
4391,0x3a7b3d08393f59134b756d95b04d390e5bd95cca,1,1,2,1,1,0
4392,0x9a7710e1735cf8ebd9f204b1683862cec4086b58,1,1,2,1,1,0
4393,0xd0ccee5b9af28d8b0c3dc71056e82d083dd4607d,1,1,2,1,1,0
4394,0xaf7edaae7069b3c910a0efc62b0b4976411a9e07,1,1,2,1,1,0
4395,0x1496294adcc04f835994d5c80901c7d98061cf16,1,1,2,1,1,0
4396,0xd97d3969bb81165f365eed9ab28a9589070c112c,1,1,2,1,1,0
4397,0xe58cfa2a58975bc0ceb9fd2f316574c40dc550e6,1,1,2,1,1,0
4398,0x4adc87e561cae4fbe84a81b35c289ecee1a75319,1,1,2,1,1,0
4399,0xf49393f6e020f50e8b9111627d19f1d070c26b84,1,1,2,1,1,0
4400,0xcde9583050e7128b890ca5ef9bf8be805b57f1fe,1,1,2,1,1,0
4401,0x40495a781095932e2fc8dcca69f5e358711fdd41,1,1,2,1,1,0
4402,0x40661c8a3c48f7f8ecac1f962a6ce8a1b7dc614c,1,1,2,1,1,0
4403,0x1495dd855f2f4c3a62492742cffe74f8bfbd42fc,1,1,2,1,1,0
4404,0xa4289cf1f8a515e911ef567c053d5d0b839618ca,1,1,2,1,1,0
4405,0x3588638ea5d85eb5d9ac6c99a0d484acd0210ae4,1,1,2,1,1,0
4406,0xad3b1b1a7adea4ae55ac3142193b552be40a87a0,1,1,2,1,1,0
4407,0xecf70b64fcbcb47725345971816458bcc5b99453,1,1,2,1,1,0
4408,0x392e7d1065760324771c6a74a1d3231da3401b43,1,1,2,1,1,0
4409,0x9e139c20e563220202cdeb038c4af1210362202d,1,1,2,1,1,0
4410,0xd4a106204d2309e22c69c894188960d792f52266,1,1,2,1,1,0
4411,0x6cb596c5b8f09b4bd1c534fbfb9389d1b5cb6986,1,1,2,1,1,0
4412,0xef5c532bc5fa6a2821159863902893be6a09e038,1,1,2,1,1,0
4413,0x72fe928f22455084abb2e77bd37dfc8433d7a923,1,1,2,1,1,0
4414,0x50deefc1fd366d42846b1c0a23965abc01261b38,1,1,2,1,1,0
4415,0xb7f279255478cf823bc76cc074f65a8197c9baa3,1,1,2,1,1,0
4416,0xb96c3bc2a78338e8d618760bada611d5228ee554,1,1,2,1,1,0
4417,0xeb08f684db99e7b3084fdbd321589e1f17e7fc19,1,1,2,1,1,0
4418,0xbe6470589411974e8e3679c4df4ffa1b5a7aafc7,1,1,2,1,1,0
4419,0xb3bdc2e0ddd8e8b38e44c9087366853a710b78be,1,1,2,1,1,0
4420,0xd9953270b0593d297e532209b8fa1c9ef2de5eb8,1,1,2,1,1,0
4421,0x9e20c115a8820b5717dff741039c06c2a2fa5fe1,1,1,2,1,1,0
4422,0x4db31a5351bab07eb8fe0ecee189f4bfaa7b34e0,1,1,2,1,1,0
4423,0x5f3ae95d6af9648ddab5f5e3ca450cde1f18be58,1,1,2,1,1,0
4424,0x77c1b2292d40f0c743f540a40dc628dad475937a,1,1,2,1,1,0
4425,0x3cdc023314fd6b6db8138c66dec2292d13e25e6f,1,1,2,1,1,0
4426,0xd874f0962a6caa5f6b32e085a9c51c5d54e5884f,1,1,2,1,1,0
4427,0x55a91e2074016afeae5d4ffba8c5e6221a1773a9,1,1,2,1,1,0
4428,0xd5385ace9fbb4835237662111193fe9b8c99418a,1,1,2,1,1,0
4429,0xf7531b19178545a779c13bf5a712b56cf3003a3b,2,0,2,2,0,2
4430,0x69f469027371fd79366de6beacd090c8ee715504,2,0,2,2,0,2
4431,0x98faf847d516b4cf7bdba9cb87f0758a3d2749da,1,1,2,1,1,0
4432,0xd87c3331350cdfab5f67c7ff7467eb4a9598a4ae,1,1,2,1,1,0
4433,0x77c37107ad0743ba8ca7d5b427bf3c07847dfaa9,1,1,2,1,1,0
4434,0xe0e4f2733e7e06036d4eaf39c1c30b56a72aebe2,1,1,2,1,1,0
4435,0x9b5cddb759161b41fc3a1aa68e5589cfb42960eb,1,1,2,1,1,0
4436,0xc82850c439b01359566069e6f101b6edf6220c79,1,1,2,1,1,0
4437,0x69c674a3bcaa5ed3a3741a5c3f8359a415cd661b,1,1,2,1,1,0
4438,0x4c70e03cffb971c1361fa90c16b4f7419d92084b,1,1,2,1,1,0
4439,0xab452a665ebb72a11b513150ebe029720e5b9b71,1,1,2,1,1,0
4440,0x38276facc8186d49b9aee9c40ad1be6685dedf40,1,1,2,1,1,0
4441,0x620675e061ab980edf7de559211e4af5dec41210,1,1,2,1,1,0
4442,0x87cdd83c85283956be7627f269d5d7ffd7e772eb,1,1,2,1,1,0
4443,0x6b7a9355f83bc6b2325849149ceafdd207e446ba,1,1,2,1,1,0
4444,0x00001f78189be22c3498cff1b8e02272c3220000,1,1,2,1,1,0
4445,0x69469f819abdf47f0164b7fe905993ebdf09bbe8,1,1,2,1,1,0
4446,0x0352babbe0e4769c836f908d215295c2b20133ca,1,1,2,1,1,0
4447,0x10994c5775c2a825e15bc016fb03dec068a650ac,1,1,2,1,1,0
4448,0xdf87c3ff910a629fc9a0db8f40342788066903a6,1,1,2,1,1,0
4449,0x732ddc5d0ecf6fb5bfa65b764c47fe5eabc2a22e,1,1,2,1,1,0
4450,0x25bd6e27b4e9d999edeca5edd603993e8b8ac0c0,1,1,2,1,1,0
4451,0x4c2e14364b44b8d2ad8d632ffa5c6a8f2d072e0d,1,1,2,1,1,0
4452,0xf4a93bd87468a0a1ede4a4de2ffd20dbdafeba1a,2,0,2,2,0,2
4453,0x0b70058280067c3e750772471e15a8e52c030384,1,1,2,1,1,0
4454,0x8bc9240b1ac768a472d0f67f58cfb3646611901e,1,1,2,1,1,0
4455,0x2847c232662d53404529938e7c9357e34a5051d2,1,1,2,1,1,0
4456,0xf914f64baa1e79ce352a3de3a07a3c3d8ce1edb0,2,0,2,2,0,2
4457,0xd2b529bcc6b6cc77d8d60c4bf81fce15157b986c,1,1,2,1,1,0
4458,0x47ddadf690c472256c5e59458308cd9146064329,1,1,2,1,1,0
4459,0x6d9fdf72ed9e7116bb51789347da521809c3e6c4,1,1,2,1,1,0
4460,0x9be8e4e9d4a68bbdaa8decae9f728ed50599be7c,1,1,2,1,1,0
4461,0xe5964fd10170c8291cf97552284d995a006e67ae,1,1,2,1,1,0
4462,0xfa87a118ea8f00dcab835915e4bf28cdc50d4269,2,0,2,2,0,2
4463,0x9024b138f4d7df2cb8bf1791dd17816ba975c879,1,1,2,1,1,0
4464,0x8be92016656e0a10f8ca01f7406f860438409b9f,1,1,2,1,1,0
4465,0x3be39750a836cebfde238c5ff2883f5962fdeddc,1,1,2,1,1,0
4466,0x0ca03053f859f8199cd1e4005b54fde8a88051ad,1,1,2,1,1,0
4467,0x966e36259c5e9ab74305b2d6bac84063422893ec,1,1,2,1,1,0
4468,0x154f49a939114ffbe034b440da18f958c1a1cd72,1,1,2,1,1,0
4469,0xf4b3f12cbd74dfd9d35cf7e49005f1c62f80a383,1,1,2,1,1,0
4470,0x7eb1cfb984e5115db5f603e108ea451b01843593,1,1,2,1,1,0
4471,0x72172eda6a6645255af623b9d33cd36220ba0835,1,1,2,1,1,0
4472,0xc034c4c4c02f15399c3b4b109ddeb83a291d31c9,1,1,2,1,1,0
4473,0xdbad4e0acca416b949ed4e4dd366f1f0c68705c2,1,1,2,1,1,0
4474,0x05194c7df28f7e2f8a41f0110ccdecde36cba8ec,1,1,2,1,1,0
4475,0x890ece5c00febd04fcf0eb7bc0d1e215f0d9bcaa,1,1,2,1,1,0
4476,0x60b7ced7edd929a8fc9a1211aad34b6020311dff,1,1,2,1,1,0
4477,0x695496ef87de74dee588a4a3d9a57b0f3c5e4b0f,1,1,2,1,1,0
4478,0xa75720f0de1247ff5cc5b02669d76672c88fc060,2,0,2,2,0,2
4479,0x0446096f28b6f0448e35f1a28020b2e9bf97eece,1,1,2,1,1,0
4480,0xea8bbdfc78264420f47ff61170467a51da052cf0,1,1,2,1,1,0
4481,0xba5f711785c53b0de97333aa7bb87bbb57e549ba,2,0,2,2,0,2
4482,0x23de7667acdcbcabfee5281b4f10bb282daf70e3,1,1,2,1,1,0
4483,0xd33cbaad2d21810530351b86208d69ab6e184b40,1,1,2,1,1,0
4484,0xa520dd26743ff11ac9aeefabdb81c158d3e97618,1,1,2,1,1,0
4485,0x2fd63fb08b5ea2de8a2fe69e31db554d8125359e,1,1,2,1,1,0
4486,0xd6e0e28caa6f7e9f65c77291259ef30b26d524d1,1,1,2,1,1,0
4487,0xf2889fa96e6dddf625625fd292060e5d28ba0951,1,1,2,1,1,0
4488,0xd13e849134425cdee7dd46e594c676d16470f837,1,1,2,1,1,0
4489,0xf2e5892ddd098db80d732b75168d3f1e3df67137,1,1,2,1,1,0
4490,0xcac4bb0400adaa9a99391c2d33e60cc08b8cb23c,1,1,2,1,1,0
4491,0x49cf0487e16c92aa8e09a13693d4ae0cc7601ede,1,1,2,1,1,0
4492,0x0bd57cbe73f8a747ae66f9d6c27144d48ab0069e,1,1,2,1,1,0
4493,0x423266da967ca02c34579c90f16cd230fffe165b,1,1,2,1,1,0
4494,0x1ad19c7f368e3e984b726b130ae9e5a4354f9f32,1,1,2,1,1,0
4495,0xddc429dde09e902490c162fcff10b940b9035e1d,2,0,2,2,0,2
4496,0x4ae1ecfc4987ff1a23902a10a38c86da289e4f9f,1,1,2,1,1,0
4497,0x3fdc0865e39b03d30e1c51d03221edeb35319297,1,1,2,1,1,0
4498,0x3b70a196c9cf46d2d834671eef46f294c7fdd6dc,1,1,2,1,1,0
4499,0x25995c37c6943ddeeebe1e125ce10ea11b94ccc2,1,1,2,1,1,0
4500,0x4a9a80b052f3f8ed3ddd105c840a260fa54dca36,1,1,2,1,1,0
4501,0xcfbf3aa72bcc8af0ba064d9e7b83888495a280de,1,1,2,1,1,0
4502,0x3ae3081d12b398a82a4aba5c642dd757ee660773,1,1,2,1,1,0
4503,0x6477ce0a52748548d5e040f11248f676c8fc46a7,2,0,2,2,0,2
4504,0x3250a12c98d5baf8850f24d74b2825098c8e8bd7,1,1,2,1,1,0
4505,0x0c181ab71554bc126c5bf4ef6ca68bb495287873,1,1,2,1,1,0
4506,0xc4f4cd7081a42169b6c8b33b562826d7cb6fdc54,1,1,2,1,1,0
4507,0x32668d93aeb3b4aff03746e890f4ac18f3f2fd0a,1,1,2,1,1,0
4508,0xf461b7e6cc342d2942379cab5332671d4b9eefee,1,1,2,1,1,0
4509,0x2129145f0a4c3dfa3000799d0707c9b3d176ca4d,1,1,2,1,1,0
4510,0x53343fd9e770dc2bb3f42fb562164d78cb9ae935,1,1,2,1,1,0
4511,0x961d2b04372f8f945accc1cf7a86c138bf867db9,1,1,2,1,1,0
4512,0xee9495f6f6ee548c6d441c366a7021a7befc4acf,1,1,2,1,1,0
4513,0xfae283c34fc1a3bc9f7c5bad1522fa7445a99843,1,1,2,1,1,0
4514,0x491c10f387a814c9111acb7828b905a4891b0551,2,0,2,2,0,2
4515,0x456640463e9e04d123787c0d5c1b312e3e7d31ec,1,1,2,1,1,0
4516,0x3c14cc5802ed3b6ccb1560af3288b049812358fc,1,1,2,1,1,0
4517,0xf63ca17606b9fc3d4a79da5b4a6c0667ae655117,1,1,2,1,1,0
4518,0xdf9bac2de42c32cb38f1fa0b33a0b5a195ba34ff,1,1,2,1,1,0
4519,0x84f81c092f9ef96ede6fe2d3d193dc9901d4cf4b,1,1,2,1,1,0
4520,0x00c42eede5710a7ab3f09255a2f2aa62a2070d55,1,1,2,1,1,0
4521,0x69595435d6f93f14f25588f28a856f8cfdafea52,1,1,2,1,1,0
4522,0xc9ac1f2cdae437b0954a70e231195da81449d783,1,1,2,1,1,0
4523,0x2222222254cc83561cf69b762823c7f530d300f6,1,1,2,1,1,0
4524,0xb8fca963d699d65a10187058476986d5ef457b0a,1,1,2,1,1,0
4525,0x32503329b82322db6e491975890dab19eff8dddf,1,1,2,1,1,0
4526,0xf7d8450962824b752c30549f66a23e3daad69bca,2,0,2,2,0,2
4527,0x60a4f65da916f1d23970f460b5ee05ef84e76f55,1,1,2,1,1,0
4528,0x1a5e1a75e1000333bca31941cb720477b225cc28,1,1,2,1,1,0
4529,0x961fbd78cd98978ca17555677e1815c271d5ac90,1,1,2,1,1,0
4530,0x8fb0c9fa9839893eda9e611855efff58200f03ae,2,0,2,2,0,2
4531,0xf70db59f68dd6e62986e52843eadcea66df4b198,1,1,2,1,1,0
4532,0x357b1af50347c61491f66ae1fd73bb8f94dcdf95,1,1,2,1,1,0
4533,0x890316925f0084cbfb146df40f8ce89d5e6c90d7,1,1,2,1,1,0
4534,0x2ed2bbd1ec38f5bf2b6387fe2c93effedaa3ed45,1,1,2,1,1,0
4535,0x860b15d380b19ca3d37ea7c3af0e2bb26b420c27,1,1,2,1,1,0
4536,0x2bb026fb10e1e21dedebd7ed320d3eb8c0e483e7,1,1,2,1,1,0
4537,0x1e658f25416ca52b1d8e371365a797e0de22e5b5,1,1,2,1,1,0
4538,0xdbb844434496cc4b66a9580d9b122fa46e088722,1,1,2,1,1,0
4539,0x51ba06465bc90a47b2cbbc72a1bb917daebf8600,1,1,2,1,1,0
4540,0x24ebda0e75a06fc3dd769fa9c50ff8be0d389a8f,1,1,2,1,1,0
4541,0x555554b1ffb320bad74180e399b479617e27d1ff,1,1,2,1,1,0
4542,0xb9d86bc2abdc46fc6d20fa953653456df74bd111,1,1,2,1,1,0
4543,0xa1250f8a470a9e56bbf12fa147bc4d54acea0ed3,1,1,2,1,1,0
4544,0x2206d46b75b909a86a3bdc748dfb988637262128,1,1,2,1,1,0
4545,0x378e89b257ed364599546874fbf4fc344e13062d,1,1,2,1,1,0
4546,0x65dcf7782260aa1d6642a85f36c0bc9545182f1e,1,1,2,1,1,0
4547,0x64871eb1d2bee651182419edb882dc1290adf855,1,1,2,1,1,0
4548,0xd692a8b22adee210234a7fb00510e300411a8b93,1,1,2,1,1,0
4549,0xb09c3b779068d0052e3fffc14f85e2ac60c8e738,1,1,2,1,1,0
4550,0x69c719af48e088f4c47aceb3f6de7f0bcd16106a,2,0,2,2,0,2
4551,0x5019d02470338cf54ca544b2893b49a9461a348c,1,1,2,1,1,0
4552,0xa34872854c589c409cc345433331ed6bb8e0fbe7,1,1,2,1,1,0
4553,0xd73c7b74dab6e917090179844e1b561bb50c658b,1,1,2,1,1,0
4554,0x973059d5b1a9654d703879aebcdad2b9b2ab90e3,1,1,2,1,1,0
4555,0x0a46850ee23f5dbdf3ccc87ec47ae1dea4de9967,1,1,2,1,1,0
4556,0x56350ae4c9b83b5022f8011bdfa0ddff895b14c2,1,1,2,1,1,0
4557,0xc744eed3624e1adc940fff3d0708f5f0bf0219b7,1,1,2,1,1,0
4558,0xd3f18ca5d64f0d6b26526f94504e920aa0055a18,1,1,2,1,1,0
4559,0x8fb8bce7b0817d5008ceaa4afc97b69f906c37d6,2,0,2,2,0,2
4560,0xdf3214b148b715d53f2579bbd2bc75ff2074a4bc,1,1,2,1,1,0
4561,0x3c6260c51b797e62610db03723dc2d576bab24bb,1,1,2,1,1,0
4562,0x1bf8118c14c9bf2a9d958d969d139671aea3d08c,2,0,2,2,0,2
4563,0xbe918fc94b71bceb8810b2824a26002afe3de67b,1,1,2,1,1,0
4564,0x5f4f59301e46bf6f6603a8c4cf826bdac70339d1,1,1,2,1,1,0
4565,0xb701d5fedaa9ff4a39f5bec8e769299c62df70ae,1,1,2,1,1,0
4566,0xec384ba93a7cc38c9025b2d8028003c645eabe58,1,1,2,1,1,0
4567,0xa45d937d74bebf79d0d4596704f70facf096ff30,1,1,2,1,1,0
4568,0xb31e9478cf0dd377d62af43e987a031a71544012,1,1,2,1,1,0
4569,0x439bf5220a427ab12eb2299d78dfaa1a975104e7,1,1,2,1,1,0
4570,0x4d93e2838590d41b8d17bce0aa588678da6fe35a,1,1,2,1,1,0
4571,0xe8d8a84d506df689c9045046495e104a99b5bf1a,1,1,2,1,1,0
4572,0x413afd270b7b5e5fbf6e07b841c9fc1c33c1330b,1,1,2,1,1,0
4573,0x0c9cd663128160844e442f9ff2f08b425ef72ac6,1,1,2,1,1,0
4574,0xcd8ff7267c0e94c445812bdbd929faa2cf929da6,1,1,2,1,1,0
4575,0xd2a0a018b5c469f4384a3d524d90eaa5d36716d9,1,1,2,1,1,0
4576,0x05f5d8851774ed9f4fbe531e79c2f600a0127e18,1,1,2,1,1,0
4577,0xacd5f5d5cbcb52bdf424a87d9c66ce4b29d62f63,1,1,2,1,1,0
4578,0xcfce8bc831974006c51fcbf98e2bc18bde0a547f,1,1,2,1,1,0
4579,0x910587ebf6002d9cf80df09682cda06779c33646,2,0,2,2,0,2
4580,0x9c1c12f91d17acd62e343f47a6ea6fa9ef9dfe84,1,1,2,1,1,0
4581,0x9e26a07844296964976864869be473b41b9f34f3,1,1,2,1,1,0
4582,0x4f26fcd654d1a510c1f2ccf128014280218b1932,1,1,2,1,1,0
4583,0xc8065d7fa9622d28eda2421eea47721452116662,1,1,2,1,1,0
4584,0xa7d7ac8fe7e8693b5599c69cc7d4f6226677845b,1,1,2,1,1,0
4585,0x819440f5dce75644c20e8d2c17426cff40c08f53,1,1,2,1,1,0
4586,0xae4705dc0816ee6d8a13f1c72780ec5021915fed,1,1,2,1,1,0
4587,0xbe8377398879245a14e1453ffa711f93121c9273,1,1,2,1,1,0
4588,0x60f7bd72cca96c73520a5f2b28923322d2792942,2,0,2,2,0,2
4589,0x6eee9957754c8bf6e6a1ea449ab383d9a40b2ed1,1,1,2,1,1,0
4590,0x39510299bfbe8a774bac58fc79581d40729bfa92,1,1,2,1,1,0
4591,0x6709f5ed1ea6d35ec9b4eb6a41376053c2ab7650,1,1,2,1,1,0
4592,0x8891ca56e765123a3984def35b9e2748d441495d,1,1,2,1,1,0
4593,0x62cfcd9b95c0fa404bcd14d6163bc6d84003904c,1,1,2,1,1,0
4594,0xdf685c95a6aaf8f98ac55f71ffff99b6bcfb4a02,1,1,2,1,1,0
4595,0x5a2b016c641742fb97a75c0d4c22b2a637ddf4b6,1,1,2,1,1,0
4596,0x90e96ca8138715fb0e855d640c77a911ade38a01,1,1,2,1,1,0
4597,0x251e5f1d08d10159b36212dcd9fb2775238032ec,1,1,2,1,1,0
4598,0x08b5d278a116665aeecf16e60f87891abbbe492a,1,1,2,1,1,0
4599,0x380cde9f3eda3a3d167afa2193e562c618108477,1,1,2,1,1,0
4600,0x294168479236fa6fa41425cd98bec9688d5b0600,1,1,2,1,1,0
4601,0x34162244168354bb2b8b14525575102b51006597,1,1,2,1,1,0
4602,0x9c7dde743a150657fdeff9876eb020c4ce5c8b7b,2,0,2,2,0,2
4603,0xa1877c81b9022094de48aaf47c477d8c716f753f,1,1,2,1,1,0
4604,0xed832cc8a8e1a0fae266991bb028c4cc066ea990,1,1,2,1,1,0
4605,0xe0dda4f11da57f5b01d360072ca1627ea5bf93df,1,1,2,1,1,0
4606,0xdc4471ee9dfca619ac5465fde7cf2634253a9dc6,1,1,2,1,1,0
4607,0x1198b45d417773ba6d4c934880477f2b428bb08e,1,1,2,1,1,0
4608,0xaff4ceab5865e8ae8cbfe405669b6cd5bfbc9dec,1,1,2,1,1,0
4609,0xfd22e70cb42a0fa315c82e0aa95a6dc19f8b4934,1,1,2,1,1,0
4610,0xbbd2fb7cd66d27c9cf381cb955de3defa24aee1f,1,1,2,1,1,0
4611,0x135626857642e1fd4e6a7b1c3465f80fd47471d1,1,1,2,1,1,0
4612,0xad6055c66fc1832fb02cd797462b226c81e5acaa,1,1,2,1,1,0
4613,0xe8b97185fe7b8fe6427b0d78c2fbcbd9f40e8f14,1,1,2,1,1,0
4614,0x5992d3f499e1ae0b010bb8d8ea1486853dc247ce,1,1,2,1,1,0
4615,0x313973c8fd1cf81e8ce2e9d405bf877f2acfa1ed,1,1,2,1,1,0
4616,0x928d834a1e86287ce08a7760214a314fa9585084,1,1,2,1,1,0
4617,0x199dcbc9955326a8e69314310d6cc21c1cbed729,1,1,2,1,1,0
4618,0x3d7fa056685d3c5f12f96fe51d65ca28cf695d58,1,1,2,1,1,0
4619,0x343f16a265fc014201b597bd9a89faebe793089c,1,1,2,1,1,0
4620,0xe1ecc93ec7cec218fdfda7fb5371fce86395b3f7,1,1,2,1,1,0
4621,0xbe15c4fdde8810ffc41e282b4b849839fe47022b,1,1,2,1,1,0
4622,0x5239817979e50746c7c1fa2cb50fa8d2eef70b02,1,1,2,1,1,0
4623,0x53831d71e4ef76e2f37bce3b00c40f0885a3a202,2,0,2,2,0,2
4624,0x527aabe7f20ec0c26cd1edf99d3337b4ad47385f,1,1,2,1,1,0
4625,0x3d68bcbc90d45d2e37bf751cb839b9182049b483,1,1,2,1,1,0
4626,0xd7a4b4cba2dab2dc3e2fca91ea903bf49842fd87,1,1,2,1,1,0
4627,0x657a38e6994cb578351376dcdb077330d00665d6,1,1,2,1,1,0
4628,0xa6f009e0909505a55e921aeb9ec981747fcc78cc,1,1,2,1,1,0
4629,0x7dc78d517af078cd4953a12b427e06cb0d950eae,1,1,2,1,1,0
4630,0xb0c54428faf41e7db8db51abef6ec1296442c45f,2,0,2,2,0,2
4631,0x764c364691ae5768e932896f8090329c6abd2951,1,1,2,1,1,0
4632,0x0a2fbc9aa7f683ac59e15a80367f0893203cb2b4,1,1,2,1,1,0
4633,0x7ab88f1338ade40bd8e4a6c4d0a9c4f3dac64951,1,1,2,1,1,0
4634,0xef9c37634de860353fcccf821756f686b6b0be4d,1,1,2,1,1,0
4635,0xb270957f11ed7a0c6a910883ecb391b88256e266,1,1,2,1,1,0
4636,0x1e9a229eff8226335dce112b65d1390dd3cede81,1,1,2,1,1,0
4637,0x39e2217357df9a2e17e22e4a57c41cdedbe74bbc,1,1,2,1,1,0
4638,0x36ab75710650754c32e4850d2ad050849ebb5899,1,1,2,1,1,0
4639,0xe30595d0455d26a2661332e3a6d9054ccae1884c,1,1,2,1,1,0
4640,0xb09539698ae5479fa5b83c7fef7bab308500a6c7,1,1,2,1,1,0
4641,0xb9cf62cbe16da330eb07c5368adda40998d2a6d5,1,1,2,1,1,0
4642,0xdc19883c6f4f2cae1a406c986a94339f23e341be,1,1,2,1,1,0
4643,0x27370eb79859212dd3d661103ef93e5c16827b1f,1,1,2,1,1,0
4644,0x824680116c9ec075ba1136e1d506fc4a1231606c,1,1,2,1,1,0
4645,0x79976fc32ab7046457c150b9f3b550b4b69d777b,1,1,2,1,1,0
4646,0x44fcb959d79db24381e1c6e4e565ba1f73c38796,1,1,2,1,1,0
4647,0xf54a78cc0365c0d3a64261f807f1e12617393206,1,1,2,1,1,0
4648,0xb0a46ad0ac8abd2e5cdc7081c6d555a644b20685,1,1,2,1,1,0
4649,0x9ec8d7e2a0a00e7393ff0fa06474d7d252a6d4a1,1,1,2,1,1,0
4650,0xf602d96fee9f8df36a549d24c1083e7b30126cc2,1,1,2,1,1,0
4651,0x762eaabb21aee458adc07459a436d4c98f2ca523,1,1,2,1,1,0
4652,0x430722f17811365dc4f000fbfa7d18ac4b1abb96,1,1,2,1,1,0
4653,0x7c75795f49471c75ba402436dd60edf93343780f,1,1,2,1,1,0
4654,0xd5557a1dcb5d9a34939528cbdea5128e1a6a1c04,1,1,2,1,1,0
4655,0xb785d702fe78220efc00182da7c26b5c85785986,1,1,2,1,1,0
4656,0xd861608c317e6e50386c24ddae49fd96aff0a98a,1,1,2,1,1,0
4657,0xeb952c2a56e7f1d1009ca02d8bf90b0e353ddf49,1,1,2,1,1,0
4658,0x5caac40ebcbc2dfed19e887e3e88adfb0773db88,1,1,2,1,1,0
4659,0xdc6b1fc1d537f4bb2a073378db336ff9ed43cbaa,1,1,2,1,1,0
4660,0xd831b7df33128948113f5fb5ea86b092a088c57b,1,1,2,1,1,0
4661,0xad19fb2fb719695a9b03bd4d8fd146d3085857bb,1,1,2,1,1,0
4662,0x92dad04bedd8b6f26042c5ec2cbf24423716eb66,1,1,2,1,1,0
4663,0x887299cf58a3f0ba1f6ee59122e19a65eefe2bb0,1,1,2,1,1,0
4664,0x712a13a421f777f3d13ce1a51cb8304c47323397,1,1,2,1,1,0
4665,0xa5b337a0a448f9882fa0c42e77c4b9f86b8784ea,1,1,2,1,1,0
4666,0xbc38e4b934c9beaac6efd0f4f42af7c1dfae21fa,1,1,2,1,1,0
4667,0x5d258a8bf48c2cbd4ac2bbe694c927dc6ccf62d3,1,1,2,1,1,0
4668,0x52e80cf2b97974e4935a1e1273a1971f70ab1cb3,2,0,2,2,0,2
4669,0x4abd798bae2c6be9cb2b022677df879c057925d1,1,1,2,1,1,0
4670,0xe8112dc79b6f9d8f1e3a9e663ad895ce7ab47e7f,1,1,2,1,1,0
4671,0x35c79a9b09a64818d0d06e057e06188df0139ddd,1,1,2,1,1,0
4672,0x7f523956708ec393d06d00c50c2025fcc1bbb86d,1,1,2,1,1,0
4673,0xcba44d85b5749d598aeac53a75be05975e958120,2,0,2,2,0,2
4674,0x768f82964da91fdd857285a8ec86d6cbb5ae9401,1,1,2,1,1,0
4675,0x2c0900f0f34bbe726d88738d4c36b469030dcd57,1,1,2,1,1,0
4676,0x5670d6fbf43877470a5e1295267adfb741408eb7,1,1,2,1,1,0
4677,0xd4e45ddc8fd5f7ab4ed479a4493a3d0c0f3c00fa,1,1,2,1,1,0
4678,0xe1cd19d059ce0a47b285f85c29fccd59fbb69853,1,1,2,1,1,0
4679,0xe64c1551ec67668091207659403321685b558cc2,1,1,2,1,1,0
4680,0xb56237ad7b0d3ab88f9e218e62447359d2acc978,1,1,2,1,1,0
4681,0xc2d108399813cfdfeced71dfab2bf975bf74f0dc,1,1,2,1,1,0
4682,0xf19b0ae335f0bf9f0ca2feb06d1808dacf71553b,1,1,2,1,1,0
4683,0x5eff77571184427f5a9e951597571b5259820b48,1,1,2,1,1,0
4684,0x2d52f7bae61912f7217351443ea8a226996a3def,1,1,2,1,1,0
4685,0x68897d3c09c5019bfa59fc863f9d86d4583861ef,1,1,2,1,1,0
4686,0xad504724cd45b715835bfeebed01f09a28feebff,1,1,2,1,1,0
4687,0x660d970081b263fe291d113a020f05060a3a6712,1,1,2,1,1,0
4688,0xc7b0c83b1ffb301a7d38c0a120c7bdd69c81417a,1,1,2,1,1,0
4689,0x4b96f7dcbd7f59c4cf2f2b1d41006ddfeec66925,1,1,2,1,1,0
4690,0x4e5c564fe3da52c1f88c6a95163a91d0fdb1898f,1,1,2,1,1,0
4691,0x8409d635f7c2260976c2ab84b18cdbcaa94cf76c,1,1,2,1,1,0
4692,0xe7e4e9961cfed7df2f3a999255dfae9b2c1eba45,1,1,2,1,1,0
4693,0xa46c44fdb56a734c9c5f81a60906509211e34f07,1,1,2,1,1,0
4694,0xdd421b23ad7bfbe2cb5e690b80bee5c8beb24aa5,1,1,2,1,1,0
4695,0xb04374e0c50c047dbf38d305625eebf9b207ac78,1,1,2,1,1,0
4696,0x6cf81036bdc80b9d47eaaaa05a52cf2e44dcea64,1,1,2,1,1,0
4697,0x3393818f968833fd8e0356cb693c615f1f22970d,1,1,2,1,1,0
4698,0xc18120b4b22c78ea55f8a7acbd7d7082d3c73a2b,1,1,2,1,1,0
4699,0x8cad29ac969fe6a199c26680b51f9ac20eb39831,1,1,2,1,1,0
4700,0xbb66f72a509607052a9d0b2cebcd84295c73c25e,1,1,2,1,1,0
4701,0x822d5bcf95a51fdeaa6787b63ebd130204a6c021,1,1,2,1,1,0
4702,0x2c77f974cdb78beda898dabf07a2cf3444e1f484,1,1,2,1,1,0
4703,0x67f99a4a8fcc0ea234f1e1ebc931bdd1766ef3a4,2,0,2,2,0,2
4704,0x2395ef4461ceb82cec4a55f5f5ead86fbca9a8f3,1,1,2,1,1,0
4705,0x4c17111a73913e7cb80b9255fadf88f2c72aafbc,1,1,2,1,1,0
4706,0xa4c87be9cd2b68444c86070ded2b52a6dc539a2e,1,1,2,1,1,0
4707,0x2910f65924e801484f2ea693442478a293ba89b6,1,1,2,1,1,0
4708,0x2593f114ba109530653070d83db3b69b6c0a9536,1,1,2,1,1,0
4709,0x19ccda358ac3d35ed92dea37fcacb747a0340e64,1,1,2,1,1,0
4710,0x473a5d705d11c40fa1fd53ec31ce664dfe6388eb,1,1,2,1,1,0
4711,0x948e425330ea0bbdf47a1326944a8cada504d2b4,1,1,2,1,1,0
4712,0x204d33486041d584618314d8933cbca96b36c30d,1,1,2,1,1,0
4713,0xe747820f098e11f1de8f7a3a8fc671704c19a5a7,1,1,2,1,1,0
4714,0x21711e1287ee0cccbd69309af757f33be90621da,1,1,2,1,1,0
4715,0x210144c4af4d1624f7375f30a0c2822856be116a,2,0,2,2,0,2
4716,0x92f4de349ac840b6c8b9406c820a0cb981e49b17,1,1,2,1,1,0
4717,0x8311bdaafbe4b5d28edd37020f0edde096b6ef6a,1,1,2,1,1,0
4718,0xde9939e9c22c084f9d0d1d58b7640d6aa9503340,2,0,2,2,0,2
4719,0xc3e8b6a4019416c79ed09ef195e507bdf9edfc93,1,1,2,1,1,0
4720,0xad1283ea8dacb53138940c1cf8625963af56c37c,1,1,2,1,1,0
4721,0xe706e8b77ca577d387e8f1710fbbc13395f769ef,1,1,2,1,1,0
4722,0x642ff688a5e14d2952f64298c712fa09226b9f14,1,1,2,1,1,0
4723,0xa7ff0bc6f74fc6c49ccba87f3df51b1adf98543d,1,1,2,1,1,0
4724,0x41856c5f03faa94ab77e55dc1d33b2238d5ef646,1,1,2,1,1,0
4725,0x9ee17496c448dbd12d7735bd1791f4d7b32e5fed,1,1,2,1,1,0
4726,0xd3270a163f9600111ed9b4fa545253aa99d933c4,1,1,2,1,1,0
4727,0xe2b81e554c18d21181a1cabbf924a08f6c0e7ef7,1,1,2,1,1,0
4728,0x531c932d030f31695cc5cffe5bec0d5bbafb023f,1,1,2,1,1,0
4729,0xc819d98b24a1395bea80fc9f1d08703b3809b00e,1,1,2,1,1,0
4730,0xa10f29579f2771e99ed6361783498b666b51dd3c,1,1,2,1,1,0
4731,0xf33364a83b6002d5070ec5fa31f5d9eb93572732,1,1,2,1,1,0
4732,0x091225f37b6bbf9b9395bd56b5cb350992154bc4,1,1,2,1,1,0
4733,0x8207d734dc4ed1c7f1eed710e8fe86fe3829aced,1,0,1,1,0,1
4734,0x9efaf74ed99b005995321fb32303c93e79858faf,1,0,1,1,0,1
4735,0xe992d6866e73ea6e50e4c146253f43ff2468d195,1,0,1,1,0,1
4736,0x2b1a6dd2a80f7e9a2305205572df0f4b38b205a1,1,0,1,1,0,1
4737,0xefce8d386adc320bdd0570ac942e618b88f22045,1,0,1,1,0,1
4738,0x97692a7389761ccff7c57c23fa3a522abb540131,1,0,1,1,0,1
4739,0xc00993653da1a3f363cbd20643dcdfb7da5b3688,1,0,1,1,0,1
4740,0x1f73269f2ca4f9f295dc7acdc918f54af8dc156a,1,0,1,1,0,1
4741,0xd825b57c3f9ed6c2b357e4607f58edd8d74a6061,1,0,1,1,0,1
4742,0x2df11276e664c493ab96cba1e73cb52d1cb66ed6,1,0,1,1,0,1
4743,0x307010ac626b8d87767e3b35f0a2dd51c32d9f5d,1,0,1,1,0,1
4744,0x2302e8505354918b9693cf3722b18ecc17910039,1,0,1,1,0,1
4745,0x9b1128856d6b98f4e302f85f8ea4c2434b3e128b,1,0,1,1,0,1
4746,0x06a4fbee4f2d4a0cb7a183b36fe7d426d4ab6afc,1,0,1,1,0,1
4747,0xa9327c2041a5a8e3391056afb6bcab1d7831f4fd,1,0,1,1,0,1
4748,0x2704436c9dba215906678b2b9cf32e140e6a5c70,1,0,1,1,0,1
4749,0xc8fac84662d9680df332e162d7672bf638da362e,1,0,1,1,0,1
4750,0x78fde30585153202002431490a5765094702c0ff,1,0,1,1,0,1
4751,0xdeec6a902107f675262ecd7f8d61d2c192bc421c,1,0,1,1,0,1
4752,0xa2dc2a2d8f2ff8204e3d7f148774813bb20f3713,1,0,1,1,0,1
4753,0x1d097719de9f485d169102d5ce13e92c06666e7b,1,0,1,1,0,1
4754,0xfc4395035d172c4fbbde433d99ef178a9fd78c59,1,0,1,1,0,1
4755,0x9b78755411ad9858d59cf9bfec6333e3d5edb2bf,1,0,1,1,0,1
4756,0x122f5455f46290c9d42fb9ed2eb74fd883fb2a7c,1,0,1,1,0,1
4757,0xc5e08104c19dafd00fe40737490da9552db5bfe5,1,0,1,1,0,1
4758,0xc8518bceb607a436e8ca71c2a5ea3a4d7d2e015f,1,0,1,1,0,1
4759,0x923711be746601641fe8678679b3b5c7718ca19e,1,0,1,1,0,1
4760,0xa5504d8adc24183f4796e97642fd95593a6d1862,1,0,1,1,0,1
4761,0xd717499568146195938cdcdb4ab8996e3da5491c,1,0,1,1,0,1
4762,0x3fad49afdd2080e29286a29ca73639260bb5b2ac,1,0,1,1,0,1
4763,0x31deae0ddc9f0d0207d13fc56927f067f493d324,1,0,1,1,0,1
4764,0x542963914a35ff8104e4550c7f1ffb66332362e1,1,0,1,1,0,1
4765,0x0e387a676c5d3a7399e72e0f262bd1d3a24020b0,1,0,1,1,0,1
4766,0x507b0b1636a30fc613c766f68e1f29425121957f,1,0,1,1,0,1
4767,0x0b6e2e59bcab563d6ed76d3b387626e8b1f6c0ca,1,0,1,1,0,1
4768,0x9e5363b0440cdaedc906f237368328f87522bcd3,1,0,1,1,0,1
4769,0xc0a22c3ffd85aabed7844534ebdef62d3c5ed143,1,0,1,1,0,1
4770,0x7b9c2cc5071667fa09cfbf63638790a619a7eaf7,1,0,1,1,0,1
4771,0x26488004c399651dca5a665028404d06e59d47de,1,0,1,1,0,1
4772,0x503d66ea74445af5e9ada4005f3826591f10b98e,1,0,1,1,0,1
4773,0xa8c86396baea99e8e8bb5816a248f4fce7a0a3ec,1,0,1,1,0,1
4774,0xe1da08a86ea56cd18c339714cef5131b3a8aec4c,1,0,1,1,0,1
4775,0x8302c368d6cfc05a31a6dac2d6c324d1aeb80162,1,0,1,1,0,1
4776,0x9d00536108913a0aad1500687d506f609c6a9775,1,0,1,1,0,1
4777,0x165a29af9c96bcd3035580c5c767c236e882821d,1,0,1,1,0,1
4778,0x8f206ce27d6616017b54aff8668abe4a103b93ec,1,0,1,1,0,1
4779,0x00f3bf5c26618f8f2483196b899e3505a0a21e6e,1,0,1,1,0,1
4780,0x1985cc57f5c41d08d444065ffc78e6afc233f045,1,0,1,1,0,1
4781,0x9507029dd6dcf22d147b0f5d85bfc250c19d8291,1,0,1,1,0,1
4782,0xe54159481e85423cd5c23bb94800282cf6da5995,1,0,1,1,0,1
4783,0xb8fbc0a2d97aaa6f9fce5202244634f2ac1b6861,1,0,1,1,0,1
4784,0xfbd420024bf3f9430ef032521da2bdc649373435,1,0,1,1,0,1
4785,0xa96914da991138ec0627f84f40e1804a9321035f,1,0,1,1,0,1
4786,0xb8590286e70bc58e98962ad3c5e89ac725a1624f,1,0,1,1,0,1
4787,0x3f914c1d6afeed65570a54177efcc0bd0a65b81f,1,0,1,1,0,1
4788,0x43a5a7bf43e0b680b30bc8ba06b4ab7aea305559,1,0,1,1,0,1
4789,0xb6d2a9b1ce54ea2f1c3125028ed7427c0c4e8331,1,0,1,1,0,1
4790,0xceb94df658966422442e2c02133cb0800805b6a5,1,0,1,1,0,1
4791,0xe224a5ffb1c3190fd4b6338ef96dcb9cdfd9b51b,1,0,1,1,0,1
4792,0x835ddb20b71560a274472249fabf5a3e33761fda,1,0,1,1,0,1
4793,0x525c3dff7ae258ec8cccfe0d873a333f536284c1,1,0,1,1,0,1
4794,0x02a1b1cfaaa67709520b9aa141e7fac34df08352,1,0,1,1,0,1
4795,0xdc12b8827e65318e16373ba0b92627aa65949201,1,0,1,1,0,1
4796,0xfc597e456605ebdf386a060f609b0e1e6b6c9833,1,0,1,1,0,1
4797,0xe009f1c450ebe77ddd02a124adc38851248f5f3c,1,0,1,1,0,1
4798,0xa2386c047e84ec867bc62806458951259acdff74,1,0,1,1,0,1
4799,0x2c7b5bd99b37097f6e14c5da61bc8824f1730d48,1,0,1,1,0,1
4800,0x9d9f304b45a01c4fcfa0f03007a75dcfd0a680fd,1,0,1,1,0,1
4801,0xa6b0ada74ada37f4151e548c79099816af065636,1,0,1,1,0,1
4802,0x51fe29bd98286b4aca36bc5bcfc9f11ef4e24a8e,1,0,1,1,0,1
4803,0x5fe79feb249012773da1ef7484c29a4c4fc6245c,1,0,1,1,0,1
4804,0xfc593a76a451522cf96fdaa642ddd155dfcdb084,1,0,1,1,0,1
4805,0x1d862d409ccad90c9df9323349657f42de60a883,1,0,1,1,0,1
4806,0x1648be8e6537311929e9db9ebb0dcd88a59287f5,1,0,1,1,0,1
4807,0xaf2756471458015e827589ff7da76856586c7eb9,1,0,1,1,0,1
4808,0x389078ed3485d1bbc4e8f302869b20dcfabdbd4a,1,0,1,1,0,1
4809,0x4e560075d5c6f7c7c00bdf0540ee02321ac9868d,1,0,1,1,0,1
4810,0x0be3e5cb8f7c4c3ae7d6c78c6a99b98213854bcb,1,0,1,1,0,1
4811,0x35fc8bac1cd7c49a448c60564f1bf5f80d082597,1,0,1,1,0,1
4812,0xb48fa58593ba6e8037e955ffe141126e768b40df,1,0,1,1,0,1
4813,0xb1fa2d34324c238fc86f194998069f3c1855cfc8,1,0,1,1,0,1
4814,0x9320ba6eb251f7daf1b26a58c245d436e1c0a86e,1,0,1,1,0,1
4815,0x6653fadda05df8108e82d6694fa368172549bcbc,1,0,1,1,0,1
4816,0xeb94c4620f9e393bd31543f4fd18dd8f9406f5be,1,0,1,1,0,1
4817,0xb56578a05eb50fc4b8cdbd704936c32a5f387cda,1,0,1,1,0,1
4818,0xd459af87033b321b1f5ab0566d39cbc9c888c45b,1,0,1,1,0,1
4819,0xe6358fea8af9c5adda77fad27a29e7aeb19c34cd,1,0,1,1,0,1
4820,0xa34f3b99830a263a9211728f60d156dbe1f779b1,1,0,1,1,0,1
4821,0x05c834a88dff598df4346f2102e7427105643f63,1,0,1,1,0,1
4822,0xb530ba08cb93aae7acf9cd5d6c018f8e230154a0,1,0,1,1,0,1
4823,0x30032ad669d37a66f44de38dbbd6d309770d5b46,1,0,1,1,0,1
4824,0x616639958996ea8b33d3c38accc2e845735dbdb0,1,0,1,1,0,1
4825,0x33cb0c602d9d2965c5538731bab28f122988f74e,1,0,1,1,0,1
4826,0x98f861064b443575f01e3ca9522b5c2fd26418f5,1,0,1,1,0,1
4827,0x38da84227f772b8cd0d72efc009b7cb9875af542,1,0,1,1,0,1
4828,0x7831fa4dd3fce21857ad99c0381ccb8940be405d,1,0,1,1,0,1
4829,0xc17202891cfe295d4c474cba93e633f292f4d2bc,1,0,1,1,0,1
4830,0xa9ba7c0bfe5d5c57ec89a5a03315f071d708f71a,1,0,1,1,0,1
4831,0x608500331f9fcc4194bf0ac93fe4caf78cadf2f4,1,0,1,1,0,1
4832,0x34dbcfe2a1393de14b1d5c5acba99178c2bbfae5,1,0,1,1,0,1
4833,0xc733240f0b1d300563c2ea490aac0c96078e9675,1,0,1,1,0,1
4834,0xa676fd4a08fca1bc265486e37a47acefc3f91be7,1,0,1,1,0,1
4835,0x88b503c81a4fb9c9c5464dd3c6835fc34b2cc85d,1,0,1,1,0,1
4836,0xab293194677ddecd8d4a7afc9bd71822b34a605f,1,0,1,1,0,1
4837,0x9630b52b7fc5191e5d18fe8e9a93d9c2c8cc5163,1,0,1,1,0,1
4838,0xc4325d3153043d39a4d536ce2c3591ec06d074e9,1,0,1,1,0,1
4839,0xc4435a9b875293de2fd28464509c3d94aca45f95,1,0,1,1,0,1
4840,0xe878b3692554ea97c1dcc395383824753cff27e8,1,0,1,1,0,1
4841,0x5eeef38251d7f3e0c7befc9187b6284973db64e4,1,0,1,1,0,1
4842,0xe6d265419abd10849ad81675ddbc4dd231ec4605,1,0,1,1,0,1
4843,0xc721c656aeccbc50163247323b7815620daf7d1d,1,0,1,1,0,1
4844,0xab7be51de62b4d5b5eb42b949bdf75107b0bb714,1,0,1,1,0,1
4845,0x76613f5516040faeeea233281ee6e389a0d83c45,1,0,1,1,0,1
4846,0xf84d574a9deea4cb21dec8507e4b6ade3cd949cb,1,0,1,1,0,1
4847,0xea52feea53a00b19cd3f0575f821528c9e142c3a,1,0,1,1,0,1
4848,0x501468f413a89022af4a5022d6d33df038d735de,1,0,1,1,0,1
4849,0xea7c6601b96f65844ed7abc7510e8cdad67088a3,1,0,1,1,0,1
4850,0x0a5d7c86c6bc7cea7ef713bf2f10e9c21110c08b,1,0,1,1,0,1
4851,0x482a987f1b1d8bdd5b478cc1e72768057b09e5cb,1,0,1,1,0,1
4852,0x1de39f894c2dc773c8a11862f58165ecc7611c91,1,0,1,1,0,1
4853,0x4957ee34196558fad326f8baad7db55b0414dd8f,1,0,1,1,0,1
4854,0x4c34b87ef984099b2de448a9580e79169c1f5d4d,1,0,1,1,0,1
4855,0x433ea2df6d7c567b1dd55e3fb99512222cb23d95,1,0,1,1,0,1
4856,0xa4e2286ffcc3bd3279c51f570395cf2ceb1cc44a,1,0,1,1,0,1
4857,0x0ff7f5043dd39186c2df04f81cfa95672b8a3994,1,0,1,1,0,1
4858,0xd513985924e8cb9b06c0933057c877ac7b3b4585,1,0,1,1,0,1
4859,0x58dc194aee823a1f8dc85895394520e68e2ffa04,1,0,1,1,0,1
4860,0xee63d8e786e341e48648558de7eb5c983a03703a,1,0,1,1,0,1
4861,0x632a7d1c136129d2e0e7628153eed7e227aa43bd,1,0,1,1,0,1
4862,0x09a0da7289a60809992d819530833f4053124090,1,0,1,1,0,1
4863,0x61b583485beac45881cc08443024f18af3f7b22b,1,0,1,1,0,1
4864,0x20fdd74739a4c753b5bc82306fd3d195570e129c,1,0,1,1,0,1
4865,0xec6fe20a1882bac3f54d6d469c33a3ff83f5c7fe,1,0,1,1,0,1
4866,0x07186b9761a577579a0b64ae0d8bcf7055d48361,1,0,1,1,0,1
4867,0xae61b73b8b0e76a66846817a161a6c36f948a871,1,0,1,1,0,1
4868,0xd44730f4e988707ea89227cc5f625f4e3d25bc60,1,0,1,1,0,1
4869,0xcc0036f9df61228aa804f2141bb7cb3120c208f8,1,0,1,1,0,1
4870,0x968a139536e0841242898f2e0c0c5e2026123cc6,1,0,1,1,0,1
4871,0x4da033acb11baa2f91694ed07361214016da0b2b,1,0,1,1,0,1
4872,0x5a3f4445b9dc11f8eea4825438296f61158436e6,1,0,1,1,0,1
4873,0x126977a1d3ece9c16dbf1ea5b656a36214efe02f,1,0,1,1,0,1
4874,0xce9a173965d13dbf7b509c94f314695363acada7,1,0,1,1,0,1
4875,0x537afb1bb98386d41fe5f4472c505d6baec9e3d2,1,0,1,1,0,1
4876,0xc7d9153379483401929f5e98939419156af67075,1,0,1,1,0,1
4877,0xec7f3d3820d03daa2093df2e5927ffcd55fcbe1b,1,0,1,1,0,1
4878,0x482c864b040f823128ccb1a864c7494718dc1f14,1,0,1,1,0,1
4879,0x5ee29711a47f748daf8f20243d1096dd8b6d68cd,1,0,1,1,0,1
4880,0x6e2e83b9c3ab3d719ce2c1477be94d98dacc561d,1,0,1,1,0,1
4881,0x6d21043e00ea22c5af632c8d43a415d3f2b3e5e9,1,0,1,1,0,1
4882,0x40a24ea5b6a248f3a138e6bfe3366e78d1cc71cb,1,0,1,1,0,1
4883,0x45ebc736090424b36106c4a29714b10bb19a5c72,1,0,1,1,0,1
4884,0xee03051ce489c500955c1f405293cf8208d6d27c,1,0,1,1,0,1
4885,0x2d12db57554f0dbc18247d1caedc73dfb1d93786,1,0,1,1,0,1
4886,0x020ab882811bd2d727c043929e28f08e5902d8be,1,0,1,1,0,1
4887,0x312dfde30b5aa1854a9ab023296261b4d25c4eae,1,0,1,1,0,1
4888,0xe0b3752d21f8697401b22bd51e64a49d4b0e8dbc,1,0,1,1,0,1
4889,0x1d57d74b37e223bd30a6c3d7594f19082cb8fefb,1,0,1,1,0,1
4890,0xb1042df0fb147e48c45e38e409b2fec2c4b43306,1,0,1,1,0,1
4891,0x0578944c0cf5f70f360b8b6c5527669f7b804547,1,0,1,1,0,1
4892,0x449649f9d11bda6cec9b04d9cb58bb58ecd9e91b,1,0,1,1,0,1
4893,0x81ab70827feb547ab6cdd97d7632be56e6850f52,1,0,1,1,0,1
4894,0x81907e8f6ee813386374729346a26585c83cfd42,1,0,1,1,0,1
4895,0x8cc5690775d32e19527e8958790dd52361ac3433,1,0,1,1,0,1
4896,0xccc756d417c7335f127b4db8f35f1a3f8f19335c,1,0,1,1,0,1
4897,0x1972560d3c113924df93dd2ac84bac702ff5e498,1,0,1,1,0,1
4898,0xa39c8cc08700e6211e58ee894c373f8e798a38b9,1,0,1,1,0,1
4899,0xf110c7336d9911d0eae977b9e9e1a42db8636159,1,0,1,1,0,1
4900,0x3788773be45078645d7d6f3ef160ed91d6d7bfe3,1,0,1,1,0,1
4901,0x9dee8c60768927753af725226f07f8d6e35d675b,1,0,1,1,0,1
4902,0x66bef664fab12237d899dc06a3693a38f9b45405,1,0,1,1,0,1
4903,0x3927c6d7ac022576c29988d893e824e1eaa26e4d,1,0,1,1,0,1
4904,0x16350b3decd86f5ff156398915a1c65ceae1ee1f,1,0,1,1,0,1
4905,0x2b96ce1a66d71e70dba16af116f58bbedc7f9c9b,1,0,1,1,0,1
4906,0x8706f78e11aba4a9134ab87bc5762e3b971c22aa,1,0,1,1,0,1
4907,0x741fa8c3d35ef73b63b1c0e8275012dbabe96b35,1,0,1,1,0,1
4908,0x0f437e8a7ef077e17f229b165c3b4d5559dffae4,1,0,1,1,0,1
4909,0x89b15e645f5bbe4b6e989e830935deb8a6a4b455,1,0,1,1,0,1
4910,0x1e12cbed747783cd0a65accbd1539f73acb0d509,1,0,1,1,0,1
4911,0x493ac0e84483f9a5e1ccebd36a507a622869fd61,1,0,1,1,0,1
4912,0x250b81f343155531bfdb16e1f81e5aaf10421de8,1,0,1,1,0,1
4913,0xadba985ef8f265bbe8a969888e36801558aebc82,1,0,1,1,0,1
4914,0x50887ee93a788b9d5ba1deab41da692a9a2ee108,1,0,1,1,0,1
4915,0x025801f883ba38444384367938835b61bf2dc2b7,1,0,1,1,0,1
4916,0x5aeb9974635c7e805fdbd7edf6edbd492394ddef,1,0,1,1,0,1
4917,0xf2a4cf14022617c8c167bc0e536b9fc08c49f8c3,1,0,1,1,0,1
4918,0xce36bef66670910f2f7d8576a45e60ef2ad29928,1,0,1,1,0,1
4919,0x050aed76fa793e384990688e2aeb8f7db4a77ee5,1,0,1,1,0,1
4920,0x44b688ea4702d9d69180b88937d5f30928184117,1,0,1,1,0,1
4921,0x9afa7cbe542b70547d6782ca0c5bb007d5dbbe4c,1,0,1,1,0,1
4922,0x14902c8f95d7a53f48913e1fe4912130f8d6d2ba,1,0,1,1,0,1
4923,0x029ff614520f84c19b1b865d9a940a0d6b71f569,1,0,1,1,0,1
4924,0x05b1d8cec2bee7e62efa7e47d22b8e3387fb3993,1,0,1,1,0,1
4925,0x615756493d2c8dddf581c5409c9e40f9626cc0ff,1,0,1,1,0,1
4926,0x94f034f17c94123ae601c627e01df18ac1cee6e0,1,0,1,1,0,1
4927,0xcf8c86f0972b606a7f8c8fb072106957c0cbcd6f,1,0,1,1,0,1
4928,0xa79c61a635350552eaec3bd3965462851292c632,1,0,1,1,0,1
4929,0x7299908540b9a9afac4872d839779eed481fa3c8,1,0,1,1,0,1
4930,0xd2f1bd876e2f1ea5d213b82ced5c8c307856ea2e,1,0,1,1,0,1
4931,0xc12c28689ded870a08b0f774cdd9fbb78ba582c9,1,0,1,1,0,1
4932,0xfcb6b9437afcbc2132fd3ff55122e3747de5da18,1,0,1,1,0,1
4933,0x05c6959d997cde99d2f967367e5e9f1959ba9706,1,0,1,1,0,1
4934,0xfc876b95b1b668e45ff3f529af287229b8607dc0,1,0,1,1,0,1
4935,0x89bc67ac85dbad2bc95f194de2e01fb05e628349,1,0,1,1,0,1
4936,0xf2e04e78e3f0cc4c14160ff017889319037e6c59,1,0,1,1,0,1
4937,0xbc5a4c6ab4f728640c4b0932bf6a29717b9c296f,1,0,1,1,0,1
4938,0x84700895d4e6eea646aa371ded98d9f8f4a09901,1,0,1,1,0,1
4939,0xb5e22a1022ff9445ca171fdf8283bc58b9c1e0d9,1,0,1,1,0,1
4940,0x49f7e12f7b780b8856ef09986b66aa6bfeb39a49,1,0,1,1,0,1
4941,0xabbcc22ada3ecdd8bd2fdfc28bd83dccf60e3759,1,0,1,1,0,1
4942,0x640307c621c7b2a9252407db87c30c31ac28a66a,1,0,1,1,0,1
4943,0xd7ca10036c597f01a58369b352da57710943dc46,1,0,1,1,0,1
4944,0xbee52457182d71d5758b3b09b69575fb0a4d5149,1,0,1,1,0,1
4945,0xae9fac86cdb1cf62d2b3649036b75be76565180e,1,0,1,1,0,1
4946,0x9a1be7c3aefa2648ad2d86916258587a4e725d4d,1,0,1,1,0,1
4947,0x6d102836f3cc086e6bad7280be1b761120d57901,1,0,1,1,0,1
4948,0xb299f0f9d8706b81744ff9c90c93da0f26617a07,1,0,1,1,0,1
4949,0xa18ab386cb318d416e43a8166e7d7df45b472d75,1,0,1,1,0,1
4950,0x9ca3fec9003cd8e84cfee35800fd3e05a88eee18,1,0,1,1,0,1
4951,0xa020322c958defb28d3f8c3374beb9b01a906800,1,0,1,1,0,1
4952,0x41fd05ddcb334ff3b15cf163ec24360649da36ac,1,0,1,1,0,1
4953,0xb0e8d5f515306cc42a6da828242018ef3aefdacf,1,0,1,1,0,1
4954,0x2e5f2f9568fc6d737c53b95df54782dd45d3c20e,1,0,1,1,0,1
4955,0xda7df2d11ea7b170d833dcf55d37ce0e75cccfd5,1,0,1,1,0,1
4956,0x805247f856482e1ae14bb34d45dea467ce37aba4,1,0,1,1,0,1
4957,0x32bfde3543bca26b7e0780cce9e4fd9cd0a96699,1,0,1,1,0,1
4958,0xbd21cf52cfe279032c7190b502dfd97053390cac,1,0,1,1,0,1
4959,0xa345ed645331db680b3c12066da18a379ccfeb02,1,0,1,1,0,1
4960,0x9d218855f0ec40ead7170db75665ebf92b4ac7c7,1,0,1,1,0,1
4961,0x045aaa15504910dc8a74ffbcae878aad82320a70,1,0,1,1,0,1
4962,0x66764de07a3e7be44a8a33a57917ed70f49299b7,1,0,1,1,0,1
4963,0x5a60299b78f15bb2a3fbcd71a491cb0ff05ecf5c,1,0,1,1,0,1
4964,0xfbd6dfb082b74fe73b6e78d701948993bf616e90,1,0,1,1,0,1
4965,0xb855112f6f0f86660ec662bf48ffd5675e58a001,1,0,1,1,0,1
4966,0x24ed664f25ef8d78ecbaf610ae62280998c0dd6b,1,0,1,1,0,1
4967,0xb68cd1eb17170ffbeecdc3c9f133acd27440f421,1,0,1,1,0,1
4968,0xda331982881af13954c12ea891046d8e025e50e5,1,0,1,1,0,1
4969,0xf3edbde6fdf7389021672f61dd79cb904aa36392,1,0,1,1,0,1
4970,0x7f8ae988796890454a1007a6dd15eaedc549ad1e,1,0,1,1,0,1
4971,0x7dc672d53199c6635e55168f8df7930b87134c85,1,0,1,1,0,1
4972,0x876c5dcb8468e7b88c25a854190d96061c866449,1,0,1,1,0,1
4973,0x4d5a98e7ebf4fd2851f2434c585db722953f5707,1,0,1,1,0,1
4974,0x95bf4daa32567e764fbb77b1960b6dd79970cff1,1,0,1,1,0,1
4975,0x8d8e0f0f120df89c77d4568ac1a6ddf0b85b367b,1,0,1,1,0,1
4976,0x8a3afbd5df9c0333504a0178f554db28c9884291,1,0,1,1,0,1
4977,0xff8dbdd456c73a1a751613d6da747fc90e78f101,1,0,1,1,0,1
4978,0x0f0673519bb7fe82385f947e1910746a47c3a6f2,1,0,1,1,0,1
4979,0x545fb80a2f3a89f1013e05d1388046dd5e94e559,1,0,1,1,0,1
4980,0xc73af9d540180231a59d6955a735a1f95b611f87,1,0,1,1,0,1
4981,0xe8e0d0f0e08da8719a6cea072df0e9667609324b,1,0,1,1,0,1
4982,0x56cb1965a68e33f918a9ece0f3133488258b81b9,1,0,1,1,0,1
4983,0xf406a6ab82ed73186f40414dfadc95baebd7e543,1,0,1,1,0,1
4984,0x39c4ff8cc8139d9aeb4ce73afa167284c5184e26,1,0,1,1,0,1
4985,0xb7d584820f137867c3966a0f39a9fb3a4e57d413,1,0,1,1,0,1
4986,0x88473d5b57e2d3ed0fdb14f7448c338826556b72,1,0,1,1,0,1
4987,0xc6573291fc7fa7cef6dd94025e16129085f4efc1,1,0,1,1,0,1
4988,0x9f84f41f0643f5c560505c7222481894feebb356,1,0,1,1,0,1
4989,0x7bbeddef81526fa114123f9304ec54fad44e55e4,1,0,1,1,0,1
4990,0x35de5609520bd99f82294681aa74950e3175d57f,1,0,1,1,0,1
4991,0x7cfee943e823865503d26878eb0253348551b159,1,0,1,1,0,1
4992,0x465cc8a8b8f6a50a524d6c056ef4088eebe477d6,1,0,1,1,0,1
4993,0x4b6e7bcb7ee2ba4b33c727512607c410c39e8a3e,1,0,1,1,0,1
4994,0xb6c947d8600b1ed8bac01db896e8f6f7a9c152c2,1,0,1,1,0,1
4995,0x819b1cc73b9540c6c963aaede08ab268b2e31368,1,0,1,1,0,1
4996,0x5de55dc70413a2dfeb7b4614a831f647ac69c7d1,1,0,1,1,0,1
4997,0x371b4de963f54af5b184ad5ff26d54acfa8126f1,1,0,1,1,0,1
4998,0x22b8c6b9b9b3687076ea071bcc2ba55a11082110,1,0,1,1,0,1
4999,0x41ab363519e29771800c391d5d6e9f982fdc4818,1,0,1,1,0,1
5000,0x54fb2d85d4c6da7f71bba9f3a1b5047a25603f1c,1,0,1,1,0,1
5001,0x71d9dcbcf5b7656e22163a404ab3a07a70aeb7e4,1,0,1,1,0,1
5002,0xe7c3e039cdf305dda458f10c2a20cd625b686068,1,0,1,1,0,1
5003,0x75365ddb02bc316748fb9a2dc5a33b42f1fba2e7,1,0,1,1,0,1
5004,0x068baee003c32d507a64ed7af700a0ac7074fa58,1,0,1,1,0,1
5005,0xcb54c0a5f5927fb3aebcc362222cf06dd764c009,1,0,1,1,0,1
5006,0x6f5874f883638fd490fc8c5c0d4e53ebfef8116f,1,0,1,1,0,1
5007,0xba56ba0c02bc4d036e9b13921430f2facfc973a6,1,0,1,1,0,1
5008,0x8c3b1911e78a28a763ae9610cacc95dc86503dc1,1,0,1,1,0,1
5009,0x6e0b248cda4ec2ee5448e55650328bd07681c29b,1,0,1,1,0,1
5010,0xf71efd1d49860122fcba9920c792a9490a245d28,1,0,1,1,0,1
5011,0x9d727911b54c455b0071a7b682fcf4bc444b5596,1,0,1,1,0,1
5012,0x59d44f2d8e608cee2c3e57da5a5de3bf192a36c3,1,0,1,1,0,1
5013,0x908a2402bacbe7046f9c140301eee04489350755,1,0,1,1,0,1
5014,0x10d6e12f9c54fdb2d6e003a4c58d3faf8a29a941,1,0,1,1,0,1
5015,0x2775fb7e8ac8a3ab06c9bf324c5f2c568d3768df,1,0,1,1,0,1
5016,0x0258da40e011acb8e0f6308d6dda4de363c9b604,1,0,1,1,0,1
5017,0x12844fc949f51770467886504126a2ea4245cc12,1,0,1,1,0,1
5018,0x2d5526785415c1e48078f7fe7a1774b045cc0327,1,0,1,1,0,1
5019,0x3e6beb4f0c1cdfa4b38e144c0e6c9fda0534e8b7,1,0,1,1,0,1
5020,0x79485296cb9f406bcd737c1f6a38473bfe79803c,1,0,1,1,0,1
5021,0xe0677a330c449d861de7b56d5bda5afce2b9ad2d,1,0,1,1,0,1
5022,0xb5fded54cea7a5e2d23ee0147b3c0a1eefacdaa5,1,0,1,1,0,1
5023,0xcc6b139279b60f53386dc98d51e5f7aaf8e5ac4d,1,0,1,1,0,1
5024,0x36c59fd7b96e19d159b372be897a9951f8e24d6c,1,0,1,1,0,1
5025,0x4e27452b03dbfdbb36e796cd0167a30b242871d2,1,0,1,1,0,1
5026,0x29bee0b61306db9630834eeac098c1635124a3f1,1,0,1,1,0,1
5027,0xa45b15ef346e1f1678684cbe6fd3bdf1370bd03d,1,0,1,1,0,1
5028,0xbd95231db568154bebf47a3b60937da2180f768c,1,0,1,1,0,1
5029,0xa771c9d06cc6bcfe2f1f98da2f21121fe3009d7e,1,0,1,1,0,1
5030,0xc7aca607cabda1afab35a7f4ba5035541996b005,1,0,1,1,0,1
5031,0x1928d10b1cb2c1cc0f345a3fe7eb2ac039a0229d,1,0,1,1,0,1
5032,0xad28a7cee2ab1aa5edd67572c2c8ca4c61997b67,1,0,1,1,0,1
5033,0x67594ca0dd13f1def68b5e67a1e92e6f84d8a7af,1,0,1,1,0,1
5034,0xcb1ada11b21fe066dcb91a12cb8195fafa50420b,1,0,1,1,0,1
5035,0xdf577a1ae2bb6984ce05ba9a14e2b3bd3703d8bb,1,0,1,1,0,1
5036,0x46ae02214bc8deace6a568bed7550d81404b66ef,1,0,1,1,0,1
5037,0x6276279faf847cbb2ee0b8569177cc672eacd533,1,0,1,1,0,1
5038,0x821e18a61802214336b3361240e6c46d2ce300f2,1,0,1,1,0,1
5039,0xf5eafd901df76607222a5755c9a467c9916329b8,1,0,1,1,0,1
5040,0x72995e415860a58641c4fbf706327ab69ec822ec,1,0,1,1,0,1
5041,0x825728404ed23ff34c6f8f4ed53ca4d9c285ef7f,1,0,1,1,0,1
5042,0x534c6834683ad76017b531271cef4986d3acf623,1,0,1,1,0,1
5043,0x291adbe2e8d3447da39ab2fce72a72491bbc53b4,1,0,1,1,0,1
5044,0xfdfb306dbff80664bd1f61699089ddead7d7dbb9,1,0,1,1,0,1
5045,0xdc5d15afe893d05cdb19a84eed79f0be71d60ed0,1,0,1,1,0,1
5046,0xfcf7c21910a878b5a31d31ba29789c3ff235fc17,1,0,1,1,0,1
5047,0xbad2e817af781b6f1573d65409ddef24d9656f8b,1,0,1,1,0,1
5048,0x258ec473e5633ab92361e7c8d555c0d56b5d9a0f,1,0,1,1,0,1
5049,0x07921846b663d510da925e1af5432d4cfe681412,1,0,1,1,0,1
5050,0x355340d3c40ce3e635955f3d10f18b5ff4ff8c41,1,0,1,1,0,1
5051,0x787725c40d3f41e42e42c7f32c2ea9bb1532efe3,1,0,1,1,0,1
5052,0x37a6156e4a6e8b60b2415af040546cf5e91699bd,1,0,1,1,0,1
5053,0x46f17b865e7ce608a24be7be56344614d4dd4067,1,0,1,1,0,1
5054,0x6dccdec5c9381836a9311a8779317702148f2f6c,1,0,1,1,0,1
5055,0x32fcf2ee33bf6c830365dabed590262c1ee54c2b,1,0,1,1,0,1
5056,0xaf7b5d7f84b7dd6b960ac6adf2d763dd49686992,1,0,1,1,0,1
5057,0x201b5abfd44a8f9b75f0fe1bae74cdac7675e54b,1,0,1,1,0,1
5058,0x3adfc40fda615988b622c300870cb8c45043cde9,1,0,1,1,0,1
5059,0x13319d12d0e6d8600dda02f4eaa581622d3f5cb8,1,0,1,1,0,1
5060,0x3f2d698512cde367553255b7d0d6cf67bfee01ff,1,0,1,1,0,1
5061,0x757e44a9843d46b44bce2392dc39d56777b3dd03,1,0,1,1,0,1
5062,0xeca646792cfe34577a4add35841a4eb9a75a1f44,1,0,1,1,0,1
5063,0xbc0aa7a86e125666771a773a195804f0ae26bc32,1,0,1,1,0,1
5064,0x232427c105b6182b7665579cf9ace5eb69722102,1,0,1,1,0,1
5065,0xb847748c6119d1d91a6613d549d041242cbd1c24,1,0,1,1,0,1
5066,0xd21e73c16130bdffb6c760a99c137992e582fe11,1,0,1,1,0,1
5067,0x5fc026ab7f7c6ac62c62e4382f7ff3d37e2c2a75,1,0,1,1,0,1
5068,0xd651b17fbc35cd524d5a6ec2be20df4dd2ed5d94,1,0,1,1,0,1
5069,0x89d9dd2e85ecc305e276f51bb21fd4c708be9487,1,0,1,1,0,1
5070,0x7cb8cdeb23ba76c495b06e5844e6171e5e919c5d,1,0,1,1,0,1
5071,0xd5cc5d57ce46becd745d7ac8243ce5cc7b5bdc28,1,0,1,1,0,1
5072,0xefe5fec1bf728eca069e7afa0d936572fb3922c6,1,0,1,1,0,1
5073,0xf9d03e4b72efde0a1536c573802f5daec00f8a31,1,0,1,1,0,1
5074,0x79b414b22dafd50d0d634d6579e7b81a2a934721,1,0,1,1,0,1
5075,0x60ff557b93add579a41fbdb18fdc20c064ac3d76,1,0,1,1,0,1
5076,0x25475cbcf6ea963f06faddc27321060bd4ab8e73,1,0,1,1,0,1
5077,0x6fdeacac0283e5f5bb2d21ee2b8eee3441c1c198,1,0,1,1,0,1
5078,0x20cfe4941633947f5fc0ee65327634e468a626a0,1,0,1,1,0,1
5079,0x06639decf36f4f98c6463263b899b7658a08afc1,1,0,1,1,0,1
5080,0x377529903faa48913c4658780ec405f377c7d177,1,0,1,1,0,1
5081,0xab031dd0a55058794dca22b01941ef9a299176c1,1,0,1,1,0,1
5082,0x000000000000000000000000000000000000dead,1,0,1,1,0,1
5083,0x60977edb7bbef4cf9d855094077cdf15b174d990,1,0,1,1,0,1
5084,0x4947c26e7e0d5c734e6e0ca666bfd3da5c33bd7d,1,0,1,1,0,1
5085,0xd22886236f453e9407f54cc2706b2e9c87789702,1,0,1,1,0,1
5086,0x528740bc2cc69b507e6244f408da2a4cf1e34491,1,0,1,1,0,1
5087,0xba12efb8e02835e9d8b992c04ec8d490ee6c8f69,1,0,1,1,0,1
5088,0xeb5db29887f52f9166f9a613ee738a996b91f53e,1,0,1,1,0,1
5089,0x9b0db924fd8d50363433755c7fd59a311801205f,1,0,1,1,0,1
5090,0x1ceaeba127c283c5e7f8e5b3e11715447577bf65,1,0,1,1,0,1
5091,0x9c88b25ffe41f3e30f8cd324b42bbac7ac64fa07,1,0,1,1,0,1
5092,0x938e94ea7a6c6f053e1c3905b77676dd263e6077,1,0,1,1,0,1
5093,0x40660b107b0749dff166a7cd63e20a015239b475,1,0,1,1,0,1
5094,0x872e499fd7032902a0d787ba86f55ecea45b2ce4,1,0,1,1,0,1
5095,0x4a6814e9a01bbe448994a3c8e76bdef36ba83f77,1,0,1,1,0,1
5096,0xd3675744eb2a06020149f29f294507b66264d8cb,1,0,1,1,0,1
5097,0xc3518b92853567b1aca1be4a4a1d11ff20ac7386,1,0,1,1,0,1
5098,0xb2207a3af0dc737c50728b3c0f5bfdf439711024,1,0,1,1,0,1
5099,0x2c5ac9348fc7c56c7e07cad7ed833e3b5082eb07,1,0,1,1,0,1
5100,0xd619c12d84cd517b12d71989c059956d88c4e906,1,0,1,1,0,1
5101,0x2884bbf4c7ee059c9deb00a08c09597f3279c951,1,0,1,1,0,1
5102,0x131cd962cd41ce2efa43273bec1131a4b3db0a0a,1,0,1,1,0,1
5103,0x1f352f6f1c3b6d32062769025e7844ea8c2aa4df,1,0,1,1,0,1
5104,0xad933cece4d13a6a6b1a010958908c9170d28688,1,0,1,1,0,1
5105,0x8c4c0c382a81d6916d5e2fe3d0a3f30441d05a1b,1,0,1,1,0,1
5106,0x78f49c480baa68e311c4eca21d97ffa72a474fe6,1,0,1,1,0,1
5107,0xdcb0c049344e47f92b4d38b27b05356862f91f79,1,0,1,1,0,1
5108,0x789126cb287c8d91fd45bcc207e6149a8268fe50,1,0,1,1,0,1
5109,0xd15387a168f0cd814f1b1e0b1bdf33f5e7409a32,1,0,1,1,0,1
5110,0xa2ed5b5c9abce107ce0e6d55c78ff784325e3eae,1,0,1,1,0,1
5111,0xb8a507fe5ccefacb8088241a42384dfc76c2261b,1,0,1,1,0,1
5112,0xfde7225ab1f9c087b8ab0e5d33b774530ca4b646,1,0,1,1,0,1
5113,0xecf14386bf1f271aecb5407e777d41e8a16933b7,1,0,1,1,0,1
5114,0x8bd761080dcee4ff6b86500f3e149062ee94d3d0,1,0,1,1,0,1
5115,0x75cbb350a80d7bea98bfb13e76fb8d390b073707,1,0,1,1,0,1
5116,0xbd5a6128c389a6394d25306764ce0f914a1d65d0,1,0,1,1,0,1
5117,0x0f1e213fcab28513984bf4cfc69a9390501a3123,1,0,1,1,0,1
5118,0x4f755c757b9927e623958fee9f151e15882ac910,1,0,1,1,0,1
5119,0xa3a15567ee4e8a483fabfda28ff309045537dd84,1,0,1,1,0,1
5120,0x38ab2e5d760ff1d968a777c96f55d085c416fb85,1,0,1,1,0,1
5121,0x8b49509d8692cf3d2bdcabfae823a2a41c51f404,1,0,1,1,0,1
5122,0xb03f5438f9a243de5c3b830b7841ec315034cd5f,1,0,1,1,0,1
5123,0x81ad54a705772041d3775a0cf93827a6b36ca127,1,0,1,1,0,1
5124,0x50baeeb86d990eaf973f4373c3b43d890bf8a948,1,0,1,1,0,1
5125,0xaf1845a68f53e80c9c88997a920de385acc1fad3,1,0,1,1,0,1
5126,0x90322efb6d3ac81f5083cf89422a2909c3eb31ae,1,0,1,1,0,1
5127,0x46d073cfbc7ee68ace1ab014dfd8fdaf275a573a,1,0,1,1,0,1
5128,0x13546e2b86177b0b2891115f8909fed66029250f,1,0,1,1,0,1
5129,0x68f93ca632c5da79096cd92fa6fffa7182e55864,1,0,1,1,0,1
5130,0xaa0af1750d419688ffe050caa9d0c093336b9654,1,0,1,1,0,1
5131,0xb653e6c7dc8382bd81c9c91c0842779f0deb0b8b,1,0,1,1,0,1
5132,0x6da44f224c3cb49cce1eceed534e654a62385fe1,1,0,1,1,0,1
5133,0xaf1c2a25a2d5c923e631f0a7925d6d0e4f7b80f0,1,0,1,1,0,1
5134,0xf4ee54041cb254dcfe0f426936564daed562b766,1,0,1,1,0,1
5135,0xe1a26f0b60878626edfe9ca33a9a271d69d4b864,1,0,1,1,0,1
5136,0x848f82dc443d26434f2d5225e120dfcfe9a4a864,1,0,1,1,0,1
5137,0xbe4f0cdf3834bd876813a1037137dcfad79acd99,1,0,1,1,0,1
5138,0xb22841b9a76b17a371e89836785fba8941c29b9f,1,0,1,1,0,1
5139,0xf9aeb52bb4ef74e1987dd295e4df326d41d0d0ff,1,0,1,1,0,1
5140,0x15e3d75992996981b17d9153d6b7856969acc178,1,0,1,1,0,1
5141,0xa711f8550c921ad26f3049795d103f9cad32b942,1,0,1,1,0,1
5142,0x2f913f52b726dda10f9c15e80d88c9758322d637,1,0,1,1,0,1
5143,0xead38a2a98f85571b95129ee61f322d6faed8d16,1,0,1,1,0,1
5144,0xc657956bfb0a0a454036bd4c7fef1bd06f2091bc,1,0,1,1,0,1
5145,0x47d8f288f73704cfd9a5e6210a67dccaa2799c15,1,0,1,1,0,1
5146,0xf49be5b0284e623bcce7478b6de89b0c8a71a1bc,1,0,1,1,0,1
5147,0x3cbefab8f5c7fa88d78632eca9d5cbef972e62bf,1,0,1,1,0,1
5148,0x823537cb22fda9b4b022efb78860f0669ac75aa6,1,0,1,1,0,1
5149,0x838046a3ee6321b5ceca2231185706e5a73d3152,1,0,1,1,0,1
5150,0x4244c2a51048b432bb9d3362c4916de0b4e3707e,1,0,1,1,0,1
5151,0x1b123ba1388281a2974c1607adc6eac54b37e914,1,0,1,1,0,1
5152,0x07ee3f3f755473ac0e7a31ae0911fc68fd32da7b,1,0,1,1,0,1
5153,0x9c8b59443fd54567e33805fb389c3d9b9196ed2e,1,0,1,1,0,1
5154,0x553785fd324447d9923c94ebe8bd509e956baf93,1,0,1,1,0,1
5155,0x7a46a8077201dbabca5e0f1826b19668276ddabf,1,0,1,1,0,1
5156,0x1a2590532fb1df84a9ae6688fd3c2e8e9300de98,1,0,1,1,0,1
5157,0x7900d9a641296a5d31b5fd753d502cce8f838909,1,0,1,1,0,1
5158,0x8c89ae91026687d585efbd99ff2dbc8eb8be9dca,1,0,1,1,0,1
5159,0x7c3da84335bc4bcd72fcedc6c5523adb02b56e4f,1,0,1,1,0,1
5160,0x276d9d3cafbebc232a48013b3f439719ed11637a,1,0,1,1,0,1
5161,0xa4aec1d2d46ea2f01fad8666675b47f2fd42dd1c,1,0,1,1,0,1
5162,0x73093eba3f4f4d6534888720f3dd88f0fc4ec486,1,0,1,1,0,1
5163,0x9a659894e5d115846767db0e1685744c452e7a6e,1,0,1,1,0,1
5164,0x4cd5806ac12ba90ffd1e99d58ef82e5e82bf48d9,1,0,1,1,0,1
5165,0x2184b1fa56c448ffb5b6fe12055058ffc9e73438,1,0,1,1,0,1
5166,0x8f809aff317eea316d6138ef82cf9b947a903802,1,0,1,1,0,1
5167,0xd011e990d14f6d6cbcd3e2cd3e1d0e012c061793,1,0,1,1,0,1
5168,0xb39df6c5f0ef3a6e97f9ea5585f756f210fb0b99,1,0,1,1,0,1
5169,0x4690864f7b908abf3df18d4026d763677684d9d8,1,0,1,1,0,1
5170,0x1afd04f49ec797fa76001efc9f6c4a1ad54208a0,1,0,1,1,0,1
5171,0x5bc2852feb943b4a43fa87b275f44b45c4ca527f,1,0,1,1,0,1
5172,0x6b226af5f1192b5de9e81c652acf8240bae6dbdb,1,0,1,1,0,1
5173,0x07f20d19806d4c9ab505a51fd1242db0e2c72160,1,0,1,1,0,1
5174,0xb6e9ac5fde41a7a0cee0d61677cc4d79a98f8fe7,1,0,1,1,0,1
5175,0x97a91d2b8afebefce495d8f40b6dba7bafc21e5b,1,0,1,1,0,1
5176,0xb3f810cf3256d88613978b639a09ec86dd2af27d,1,0,1,1,0,1
5177,0x6ac0a3cd8566160122269b1f585fd77be0f38f77,1,0,1,1,0,1
5178,0x48a0236c849e1d55cd91cca07ad73ec28f07c719,1,0,1,1,0,1
5179,0x8b49a52ab6f3e777e1cb54b17a71ab41202e2618,1,0,1,1,0,1
5180,0x7c8fda1c9c1fef281b49e5287d42b56da800520d,1,0,1,1,0,1
5181,0x2f93251de14b84231f0b7ed3e8a2c55a971352b2,1,0,1,1,0,1
5182,0x560b221efa49f563a6b45298b5a1d59bf814a67f,1,0,1,1,0,1
5183,0xb03b11ba378dcd78f28c6c3fb2b213d7d967bfc9,1,0,1,1,0,1
5184,0x246845e29481de6b94e6076bc4ddded1e5c09291,1,0,1,1,0,1
5185,0x0d9fab754885e25cdfb7da5fd7e5b1326f0c06c6,1,0,1,1,0,1
5186,0x7e788d90aa25845ca1b42fb620bcfa2344a23883,1,0,1,1,0,1
5187,0x742a5eb91f0932a5126439b958e7e9993ad17106,1,0,1,1,0,1
5188,0x9c6f159965eb9b8daee8e6637847561f33549d44,1,0,1,1,0,1
5189,0xf4a36bc79439f4b100d5fdd23eef239a8cecdc73,1,0,1,1,0,1
5190,0x60abf6b3833a91c44d9c8e2e8954bab4492612eb,1,0,1,1,0,1
5191,0x2eb0ecd53d562181b005ff8711152ca3a5cb8756,1,0,1,1,0,1
5192,0xb50516982524dff3d8d563f46ad54891aa61944e,1,0,1,1,0,1
5193,0xc3c08f161e4049a28fc663e5e204476b97179e42,1,0,1,1,0,1
5194,0xe9d5d3519a7d39044ef1d6b1406a965053a05d72,1,0,1,1,0,1
5195,0x4db09b4b38e1f5ffe992abc0aedcf41dcec4fce1,1,0,1,1,0,1
5196,0x18f70f6fa24e645a6e41eab07a21435d4a28f364,1,0,1,1,0,1
5197,0xdb74e832db07119bf0544c70f01199572d12014c,1,0,1,1,0,1
5198,0x8dcc2025ad562eabd77b5249eafd7bc268b181fc,1,0,1,1,0,1
5199,0x07aa29a98843631fb7029a0f4d88a43f1ebb4a4a,1,0,1,1,0,1
5200,0xb23b971e1373db3f6c3b10c16deca19357d2c6e7,1,0,1,1,0,1
5201,0xc22f47ebc79ec52b0aa5db9a47c6facffcc2ea42,1,0,1,1,0,1
5202,0xe7cfde2405a229904c300ba93a67de82bcc9e609,1,0,1,1,0,1
5203,0xfdf8b999fcc68de95b7c874202159711dcfd23ea,1,0,1,1,0,1
5204,0x8d833b913cccfa5a2b435d5fc16763df6cbd70cc,1,0,1,1,0,1
5205,0x7f047a31b88d8712ff1b54acb35c1cab132b9ee6,1,0,1,1,0,1
5206,0x0786b66bc34ad06d19e94f8907c8869da3e8419f,1,0,1,1,0,1
5207,0xe658234111df78980b704841137e317877aceaac,1,0,1,1,0,1
5208,0xd86a0efa73b9cde24ec78b860e79f4392aa98121,1,0,1,1,0,1
5209,0x66ded39892ede075f7eea01813195094de0a4f89,1,0,1,1,0,1
5210,0x6eda28bd9e2c3d5a54c6d75f1d630ce6535974ed,1,0,1,1,0,1
5211,0x9471f70f2518846f7a076636d64e5a22787da105,1,0,1,1,0,1
5212,0x698575542b0e9b9547f417902756cf76c8f0b4c7,1,0,1,1,0,1
5213,0xcb130247b212f1597877f45277ae671f382a347b,1,0,1,1,0,1
5214,0x85670c918fd6a80bdc92202c59d20b6e0c01c7e9,1,0,1,1,0,1
5215,0xa58878f2d69e2ac8675f48dbce3af30929333586,1,0,1,1,0,1
5216,0x349ce4ac6a8ba99220cba6b35ba0eca7d61cab7a,1,0,1,1,0,1
5217,0x30391fdc67b3a1427fd4fdc2d4e0875a8a1e3bbd,1,0,1,1,0,1
5218,0x8462a18e102aed37d59f46a2db8017231bf2e095,1,0,1,1,0,1
5219,0xb301a9eb604898237e85b78bb223d2ec65da1ada,1,0,1,1,0,1
5220,0x1ac08405e96e3561893eef86f194acdb9a24d38d,1,0,1,1,0,1
5221,0x8f04518bc6997055b9b5bc64dea80a89c7cdde77,1,0,1,1,0,1
5222,0xe1b96870d3006587dad1a55b3b4d84d2c1080d11,1,0,1,1,0,1
5223,0x2322d43db0e033640a5210b1b37213c20cfa36ad,1,0,1,1,0,1
5224,0x24c240601ca2bc99cdc03abe481eea88aef53113,1,0,1,1,0,1
5225,0xf8554410ce684ee50e6b2698e4a3d4c7063b8fc7,1,0,1,1,0,1
5226,0x89600821b82f907b1ab472660dd150d1232318e8,1,0,1,1,0,1
5227,0x487d03361d290c647bc8ed48bf211404480fc51c,1,0,1,1,0,1
5228,0xf46d3a64d546d9cec0883e5fbba04583363df24c,1,0,1,1,0,1
5229,0x2443d466c8c5b4b4c65528678cbbd75eb0cfd06f,1,0,1,1,0,1
5230,0x421fde6855be0bd833c9f70e02fca3a3d0b200c5,1,0,1,1,0,1
5231,0xe47077fe2c22f8d36e4d596b6abe8d92644138c2,1,0,1,1,0,1
5232,0x0496f468498c10977015ce65ffb0398989b639d1,1,0,1,1,0,1
5233,0xaff8f6b41e174101718060bbe7db38b324b8c497,1,0,1,1,0,1
5234,0xc3e4bfc5b54205e2887e77e2a73a98b36f05a4a1,1,0,1,1,0,1
5235,0xca4e0464730af34a16cd99ea4c0ecfb50287b412,1,0,1,1,0,1
5236,0xa5cc233c5f949f080d1e195798d8cceb516e9afd,1,0,1,1,0,1
5237,0x51872c1d2dda4f3d051988d3526ee8f453b0e61c,1,0,1,1,0,1
5238,0x1ce8189b2c8a5a4d0e7263fdd60bbe0d21954f46,1,0,1,1,0,1
5239,0xf0c9d9e6a71af96407deee53352f2040d23f80ea,1,0,1,1,0,1
5240,0xc6f85e616beec7f0e46a02cf84f5235b22131908,1,0,1,1,0,1
5241,0xc8c21e8dd0482287b8c460dbef913e55bae044f2,1,0,1,1,0,1
5242,0x4e8543eac4229a1f2400f96aef16e267f50dbb51,1,0,1,1,0,1
5243,0x367b51ac184860acc8f7f40f3533628fff7a12c9,1,0,1,1,0,1
5244,0xbfbc70b2119034209320e63f908ab2bd53225e79,1,0,1,1,0,1
5245,0xc18f8abb77cc6fa25b5df236d34c057ee4677a17,1,0,1,1,0,1
5246,0x3c5fca027039f6439d933819e27fe720b3ab8a03,1,0,1,1,0,1
5247,0x561ac4bb968e4897c06ffcad9449b68629306035,1,0,1,1,0,1
5248,0xa62c03c25753caceeec223fdbce5235342b903fb,1,0,1,1,0,1
5249,0x0aa0bc25769c52e623d09a9764e079a221bea2a1,1,0,1,1,0,1
5250,0xe5aacb4ecace76746b7413a94435b6a5a9898702,1,0,1,1,0,1
5251,0xec5dce6e42af680f3c44c0129678939e60e29f32,1,0,1,1,0,1
5252,0xbd842fb775c243fd392eb7bafc5b0db1adcb7288,1,0,1,1,0,1
5253,0x4335793db316340f9fa92cd69e903452a4590006,1,0,1,1,0,1
5254,0x271210989ec5674975d0ee6ce193d38d6d27cd95,1,0,1,1,0,1
5255,0xc2e08c7a0d0906be368f120472587c1bbd8ef570,1,0,1,1,0,1
5256,0x40a9c641df83aadcfa45f34911a2c2021523e673,1,0,1,1,0,1
5257,0xf7ec8ad9e9d8486ba0ad87307a575b9fbd20f91c,1,0,1,1,0,1
5258,0xff8d58f85a4f7199c4b9461f787cd456ad30e594,1,0,1,1,0,1
5259,0x60f11798e925a5fb82d7efcdcd0b91918ae9979c,1,0,1,1,0,1
5260,0x1a400cf4b64658239a07ad070b0fa41b09c3770f,1,0,1,1,0,1
5261,0x3c988370768ea016f6f135b4b0e529d8eae94c14,1,0,1,1,0,1
5262,0x156841b0541f11522656a8fa6d0542b737754e8e,1,0,1,1,0,1
5263,0x91e6be993186a9b090a4120fb2111323e61eb4ce,1,0,1,1,0,1
5264,0x16d631ce5dd4328bb52e3aa92e571aaf45c4ed36,1,0,1,1,0,1
5265,0x1a4c2b35c9b4cc9f9a833a43dbe3a78fdb80bb54,1,0,1,1,0,1
5266,0xfe32606db031af3996ac6befb7212c4181056e8e,1,0,1,1,0,1
5267,0x367f96e0d84dfcae22109c4c7bf84c225ecb7d85,1,0,1,1,0,1
5268,0x1be03318d893bd3060afb33516c69714a74f339a,1,0,1,1,0,1
5269,0xcbbe62bad030c68d3385b368c9732a214d2bac64,1,0,1,1,0,1
5270,0x675769f11e4181966e6acfae24e9b6d35c3d4927,1,0,1,1,0,1
5271,0x1819e35e161663c0f1fd3683973e3cad24bfc4ec,1,0,1,1,0,1
5272,0xd35e20bec7ee4775a8b5a7552c202789f4747666,1,0,1,1,0,1
5273,0x49194c21c7c8c26f7c9b737889dbaa4dce293904,1,0,1,1,0,1
5274,0xcc6e89ee06bfc50bd3d6e8c4d48d5267f4dc8363,1,0,1,1,0,1
5275,0x2649413d1bcf67f8dce6d6e7adae05e6a1294aeb,1,0,1,1,0,1
5276,0x114a42894df4fd56e01d55b68d102097d1b39149,1,0,1,1,0,1
5277,0x2dbfef8a7f828eaf9c388bdc87350f1b75641fd3,1,0,1,1,0,1
5278,0x7b4afc198cabce56252f906eada3adb581b29a0c,1,0,1,1,0,1
5279,0xeec5fbaecb1ba2d3bd29fbe8482e6ed9853289b3,1,0,1,1,0,1
5280,0xf6bd4768e672a7c98c3f76860d355e9bca566bee,1,0,1,1,0,1
5281,0x4b8cab619510325a22fa7c81b005814054ada40e,1,0,1,1,0,1
5282,0x6fb98cda77785c929c907881b8a584b2a05c1b6c,1,0,1,1,0,1
5283,0x8380d8d315b779958b56aade83bb3a7189547671,1,0,1,1,0,1
5284,0xaec2c9d62db91fc631dbfebe7d4e27338b0cb0b9,1,0,1,1,0,1
5285,0x6c0a5f9d09f739a9539ab22522990cd217de7e84,1,0,1,1,0,1
5286,0x53bdede34df16e732324e2b0e1f7547750e6ad39,1,0,1,1,0,1
5287,0x9b9f42b5324026ab79b746a6c16e5579fc177239,1,0,1,1,0,1
5288,0x328375e18e7db8f1ca9d9ba8bf3e9c94ee34136a,1,0,1,1,0,1
5289,0x666fdaf2b6182098185b34533bb77447eaa7335a,1,0,1,1,0,1
5290,0xa0111511da7581374220bba5f3cfee21b1765d9d,1,0,1,1,0,1
5291,0x211782f5cb0b171ffaf98cacedcd6662f43c65c8,1,0,1,1,0,1
5292,0x0ae47d321594585b81a91eac7becfc26cca1b7d1,1,0,1,1,0,1
5293,0x1db7f63d3f8ccd88b9b28ba168d76382a5caf626,1,0,1,1,0,1
5294,0xc2ed53065fcdc8d3862ab54cd7c1421d2cf82e8f,1,0,1,1,0,1
5295,0x5a81b80a7be4dc66c054b42b157d8d5ae11d2c89,1,0,1,1,0,1
5296,0xdd07918bb0845266798df53792b36df8874047b2,1,0,1,1,0,1
5297,0xa4abd5af6d1c823fd3adb90fdd6ef3b4e1c2e1e4,1,0,1,1,0,1
5298,0x119315e27060f1522b87a0f8a68a3ba684350cc7,1,0,1,1,0,1
5299,0x76af976079a4612a218407c08f01a498ea4b6e25,1,0,1,1,0,1
5300,0xe7a6db55ac2963a93a702b544fdcd61757a97b8e,1,0,1,1,0,1
5301,0xd2e7d864ee6dc22d11d129ee935e2fd60207a525,1,0,1,1,0,1
5302,0xbbe8987616c088894335e4ccc47f4914f1b30540,1,0,1,1,0,1
5303,0xd7b7ab30dd633490d1fd24d00b07c9ebc413dfbb,1,0,1,1,0,1
5304,0xbb2a53f0e3264f126b5dffe393fd4e414ba8a9c5,1,0,1,1,0,1
5305,0x468480967cd6f8a9ea13523eed4ad537ed3a0fa6,1,0,1,1,0,1
5306,0x7cd6590293ccd4ad687725cb8fb88ac4eb32ee0e,1,0,1,1,0,1
5307,0x59e3ca6026b7115f52237d01ffea1fd2dbac64f4,1,0,1,1,0,1
5308,0xc3edefeb029297a9e0b80f0b99d10ec038498ca6,1,0,1,1,0,1
5309,0x484558401f616ac03b3d7172bf610066284d9540,1,0,1,1,0,1
5310,0x7e1ca66afeb2b040296b491199cfe2ba42b4fa83,1,0,1,1,0,1
5311,0xab66a123d71949abd2d81db531db107cb17580c5,1,0,1,1,0,1
5312,0x23b4213b6512e5582c8fb75737d484092678d3e4,1,0,1,1,0,1
5313,0xc167c7f8a36403c45d7f248c059ab0bb05169262,1,0,1,1,0,1
5314,0x48f99e677fb3d3b78d1a056488cc7988b4a53f01,1,0,1,1,0,1
5315,0x8f9fda2844447ff6c114ce6819dcc53d9a7efa74,1,0,1,1,0,1
5316,0xcf66b4f4c5427c7582da5785c8b5bfde7b6e13d2,1,0,1,1,0,1
5317,0x20fbdacfcf6c40f33f15b1a58b92dd9ea953c249,1,0,1,1,0,1
5318,0x7b8098920e8ce072311862b70c0b1a37ba6d7274,1,0,1,1,0,1
5319,0x3e8d6a3550ace8a64ed2b49d74ff904745b3ab1b,1,0,1,1,0,1
5320,0xcec345b4d4360565c518b3d72ce718c8a1d8b10e,1,0,1,1,0,1
5321,0x8a40c96de94c04611f0a1f2a26f52d735fc4606d,1,0,1,1,0,1
5322,0xcc752b8c71a6478181aa1c09e25f0f32a66e9121,1,0,1,1,0,1
5323,0xb48cb3742868bfefe0b29c1f298dae0573e1c79c,1,0,1,1,0,1
5324,0xbee32ad2c260d55a216fd27e4f583733cd549cd9,1,0,1,1,0,1
5325,0x40a93c58b077cdf35d2cab36b31bd3142f535f3c,1,0,1,1,0,1
5326,0x3233c72a6faa8b81792c113c93ccc5eed9adc0fe,1,0,1,1,0,1
5327,0x72377c009abdb15621950f6ba9606aef589a50df,1,0,1,1,0,1
5328,0x4149187afc3bab1f45eda636e8e5bf999bddb885,1,0,1,1,0,1
5329,0x6d3814fffadc2752b8e303bef0e64f6c01227796,1,0,1,1,0,1
5330,0xb1035ef6a7da0c3c36f0878d94c20d3f1370d27a,1,0,1,1,0,1
5331,0x01123a7ca281618a0f9752bce23f524a510a4803,1,0,1,1,0,1
5332,0xbd3e5876cc7924be16c2534b1b990a808041469c,1,0,1,1,0,1
5333,0x268c284a606d3f72b61c8bfc6a932f4f10bda5e8,1,0,1,1,0,1
5334,0xfd6aee13b037fe2644dbff826e3642338a205907,1,0,1,1,0,1
5335,0x8fbebc6511dd9c3a2357dd52504de3a939f3e021,1,0,1,1,0,1
5336,0xda99f18e847d17a5cb72c48cdff1166080a27720,1,0,1,1,0,1
5337,0x69923d059b69ace23361813f5d756e68324712e7,1,0,1,1,0,1
5338,0xb7c41ed9a326515cca50fb6f742e4a209fcd949d,1,0,1,1,0,1
5339,0xe543c6f95755ec53d462ffd4485db52748193ba7,1,0,1,1,0,1
5340,0x558c8005f6ed6b44c9a63feb2ebf7c3d88f21268,1,0,1,1,0,1
5341,0x83473d9d09829cfb35ced2dc25df0d1a0c27d2cd,1,0,1,1,0,1
5342,0x8d17ff92b8c92ed3c3f0a99e9a1ab817fb895bf7,1,0,1,1,0,1
5343,0xd81a2dfcb9e68fa7dabbbd07fad0c48b3a9a628f,1,0,1,1,0,1
5344,0x0af17bb1d940b60b88a52949d9bdb327ddb5fbb7,1,0,1,1,0,1
5345,0xb20d8147641ddf1b60d96b320d7f91871ea17d24,1,0,1,1,0,1
5346,0xb163f80fa249377e5c66db4e5e67ed6125f1c944,1,0,1,1,0,1
5347,0xfe3820f5464db5d0b1db9f730035367ef465f02a,1,0,1,1,0,1
5348,0xeb5039b312652d3fe9a3d2fcd126fdc5a772923a,1,0,1,1,0,1
5349,0x2c0a5ed29d463f6c6180ff4dadab248158b6da5b,1,0,1,1,0,1
5350,0x49b38ea10cc31ef28df047d667d09b60c5767878,1,0,1,1,0,1
5351,0x2aa7613092d8265f9dc5a0aee94f8320b3c8eb5e,1,0,1,1,0,1
5352,0x595ebc5dd685426148aba24b6217e85125993455,1,0,1,1,0,1
5353,0x66e0b6383456c2a4bb85c8a8bdbfa694a15f0ea0,1,0,1,1,0,1
5354,0xee456668a6476e5263b18f4f98a38126df2561ba,1,0,1,1,0,1
5355,0x4163ca7cbc8ec5069581cf171a611acf5cf0ead1,1,0,1,1,0,1
5356,0xd0d9e3505349bc945a414a6ec8ff8bcadabf20e3,1,0,1,1,0,1
5357,0x13d070ba3bb3cfcfffb0f8f5f4c86f67f693a189,1,0,1,1,0,1
5358,0x68d649e6c97b5619f2e289f883decad37e128ff5,1,0,1,1,0,1
5359,0xaa88600d04309b4c2729891a6a8c1d88e83d6789,1,0,1,1,0,1
5360,0xd3ae25172acdae49b495d375042657f37f05f1f2,1,0,1,1,0,1
5361,0x46e1f50df42ce2be32544182b9e8bb59c401b6aa,1,0,1,1,0,1
5362,0x3fb4860020f916c9799d6ec30b9203c20010c929,1,0,1,1,0,1
5363,0x90213ec41fa4d1c8326e8a67012f9ac880e6ad9a,1,0,1,1,0,1
5364,0x620832be2d5d57de2367c8a1e5c9676659a258c8,1,0,1,1,0,1
5365,0x4d4860ef3159e1104f2429339b5a108161ceb9c3,1,0,1,1,0,1
5366,0x5ea405d8d514d05eb4601aef6ba8b4a8b89eb044,1,0,1,1,0,1
5367,0x57be6c18886f110d098cb3dc401cf83999f75556,1,0,1,1,0,1
5368,0x339dd90e14ec35d2f74ffea7495c2fb0150af2ba,1,0,1,1,0,1
5369,0xb422f64d158cc63c770129be398977c817ce7214,1,0,1,1,0,1
5370,0x56b06d63393d309b121bc64c57e0eaf777373144,1,0,1,1,0,1
5371,0x0902ef77e0f2379c8cb426115f69935dc71d461e,1,0,1,1,0,1
5372,0x50190e1b63d95c0a8ff7e95379c733a867904aca,1,0,1,1,0,1
5373,0x889e26261bde985ab796dbb9320c5985dfe2fcba,1,0,1,1,0,1
5374,0xd80adf681abe30a3d644db1daae9abaa2d25a895,1,0,1,1,0,1
5375,0xb3ddba1a6f0bc39254a63b61568a509f0ac9254c,1,0,1,1,0,1
5376,0x26ba43459a9e2ea7eb7c1bb791f64f2457537e4e,1,0,1,1,0,1
5377,0xbf41adfddaddf8a8798052c9b72374953192f432,1,0,1,1,0,1
5378,0xd7192081e5f481364c190022f0012a729fba37a5,1,0,1,1,0,1
5379,0x5a58b0bcefaef20d415f8f5982be02ae7baec54f,1,0,1,1,0,1
5380,0xe793b0df027afe5cee047a132cbec5fff54bdd59,1,0,1,1,0,1
5381,0x9e778f4be2aba6d014ef1f74ce4099c329979f19,1,0,1,1,0,1
5382,0x7d1a4878120110d6201182acd43d95779a716749,1,0,1,1,0,1
5383,0xf92cf36ac4ed0b2c7034abcb70edd8f07deb4891,1,0,1,1,0,1
5384,0x41f852bf14407570744dad60ad6d5c07d3c6ee74,1,0,1,1,0,1
5385,0x5bb504e6f93e19c806d19083a8ec31d0d1e16856,1,0,1,1,0,1
5386,0xa3df61dc71047912e2134222970884672117fe2a,1,0,1,1,0,1
5387,0x93470707c5004383c57a7645d07ad43bced30949,1,0,1,1,0,1
5388,0x0fd37eeb28545848d1d5a03ff608d7ba200d562d,1,0,1,1,0,1
5389,0x2368b7d8d6a28b2482acd74d968a37dd1a152646,1,0,1,1,0,1
5390,0x777faa4f4f23f6fe4cda72fcce53fcf299f09726,1,0,1,1,0,1
5391,0x2178d175ec9b72479da07f802c5e920bb2743632,1,0,1,1,0,1
5392,0x70deeea6cb6455970ba8b6edc4e04273375c297c,1,0,1,1,0,1
5393,0xcbbbaf528538e327ef108e510be4d5219bcd149f,1,0,1,1,0,1
5394,0x49393f78fc8c1e22be4259ed1c613a485e5259fc,1,0,1,1,0,1
5395,0xf54f36e8191bd8166350466a7537b435b0128b17,1,0,1,1,0,1
5396,0x1ec0562ee29593980eb89def47355f22cf3782c6,1,0,1,1,0,1
5397,0x0efda65aace4a16f73eccb22eb171b8143b75c36,1,0,1,1,0,1
5398,0x6bbb295f383b3e1baf4a44f9fb7225e4a190a796,1,0,1,1,0,1
5399,0xf73eaada3cb91b37378e893b027e33778c193895,1,0,1,1,0,1
5400,0x77079f0ecffac572c96f6ff061d4e8b44bd8cafe,1,0,1,1,0,1
5401,0xa98ec9476516254b73287458238d52cc138d926a,1,0,1,1,0,1
5402,0xbebe881c31678ce585643d521a560a75ad81411f,1,0,1,1,0,1
5403,0x8a87378502745451f1d35497a39110d9e040e885,1,0,1,1,0,1
5404,0x3bb75b53e46759236a50e56fbe55b5878548f121,1,0,1,1,0,1
5405,0x65cdd5782e8b13ef36c7ef32943f8421f34e7a86,1,0,1,1,0,1
5406,0x5281715ed51570288fa465a491703542a3ff25bb,1,0,1,1,0,1
5407,0xae6291dc2aa78019d4ae0e5ee4f1bae012633153,1,0,1,1,0,1
5408,0xba9fca31e8a0451c8fb24e73069a3503641fbeb4,1,0,1,1,0,1
5409,0xf3ba67c9fa4951df12655f3656d8a8ca903a86bd,1,0,1,1,0,1
5410,0xbc68dee71fd19c6eb4028f98f3c3ab62aad6fef3,1,0,1,1,0,1
5411,0x95095a8a3f80d059b40629c19c2179cc880c4201,1,0,1,1,0,1
5412,0x38b91c9e9027e5767b79b33f5fd39257228bcffa,1,0,1,1,0,1
5413,0x844afc92715fc04d0dc920b0ca2f31b9963af6aa,1,0,1,1,0,1
5414,0x939cbd274a9df49c2348b93f7bc3f6e662bfd288,1,0,1,1,0,1
5415,0x0473809203cf8b42712bd420dfa9d4a4ee7b2748,1,0,1,1,0,1
5416,0x590c17999baf7748113b5a7316184efe9b4751a6,1,0,1,1,0,1
5417,0xfc08dbb6f1134fca0780c41b5ebf1af5fcedf1cb,1,0,1,1,0,1
5418,0xdf9941b58ed224a6bb1a23acde50814af9835dc0,1,0,1,1,0,1
5419,0xd8ab8a077b02670aae04bcdbef15cafea0fb50c9,1,0,1,1,0,1
5420,0x34c9a21c189ce4a40bc5d24dd742196402668ee3,1,0,1,1,0,1
5421,0xdc3e65f4791fb732eec95590479ed7a893ebb03a,1,0,1,1,0,1
5422,0xf972bf8592c3171b378e97bb869a980c3f476583,1,0,1,1,0,1
5423,0x75e67414e2b14e1881c737b02da9fa2875d5a43a,1,0,1,1,0,1
5424,0xd3775017a04a3ff7999b5cff7b475da8919e5484,1,0,1,1,0,1
5425,0xf6f278dc64f6d16c74d2153f7042f452a24e5e53,1,0,1,1,0,1
5426,0x1ae93dc28d9a0d0530a6ed4337d591b2baede35c,1,0,1,1,0,1
5427,0xe02c799cd00bae35fb05d294dbcc8b834df4fab0,1,0,1,1,0,1
5428,0xd841e56bcc1988f48c97fb0fbfc6290856418fc5,1,0,1,1,0,1
5429,0xc635d96a94432ba6da98d18e4e7593e41a4628b6,1,0,1,1,0,1
5430,0xcf762e2337bea8feb133b07f4b969a29e93fc9e1,1,0,1,1,0,1
5431,0xc0dae7fe3be30fb4bd0ab41258ed62b428965311,1,0,1,1,0,1
5432,0xe87efb72022361d29e09f673cbd53ce1e4a9a54c,1,0,1,1,0,1
5433,0x6881b2932c6a408204095434c0d607b187abafe0,1,0,1,1,0,1
5434,0x1d80a2b918bc90188ff27b6830d2074a7e55c92a,1,0,1,1,0,1
5435,0x58572fb9bf3c83c86e40518dc358b3f67a0c1c3c,1,0,1,1,0,1
5436,0x36dfb2fc532da932d6ba0905e69ae0a05a0d9b02,1,0,1,1,0,1
5437,0x364f7fd945b8c76c3c77d6ac253f1fea3b65e00d,1,0,1,1,0,1
5438,0x628a7fa235603427f6183bcd7432a547708ec9ea,1,0,1,1,0,1
5439,0x6f4c755c2f8d329839658cd74f574aa1ed36d8d8,1,0,1,1,0,1
5440,0x2eb5e41673506c9acfc94b665bd0ca5b5f7335f9,1,0,1,1,0,1
5441,0x08cd466a0485b0d5e5ad0c5a7d02498f244be2bf,1,0,1,1,0,1
5442,0x30e1b94150c86db418d7775c9237380502bbd2a9,1,0,1,1,0,1
5443,0x57aabacf5bfea3e434496920eaa242f31c1095e2,1,0,1,1,0,1
5444,0xacfebf6a5105815830115067995ad18ef325fbd6,1,0,1,1,0,1
5445,0x8a159b74ff8850458c927fdfd99198437c5da9f0,1,0,1,1,0,1
5446,0x304856144a8cc390cd59c76f7df2dcd8174ba549,1,0,1,1,0,1
5447,0x94e96f514d9ce094cc933a2b378f9cc62af8c78d,1,0,1,1,0,1
5448,0x2bba974866d487e0aad2479d3a58327499173a8d,1,0,1,1,0,1
5449,0x24584d75176cdf226db337514b71afede7ae1f72,1,0,1,1,0,1
5450,0x7a8bcd9157d89e7d7bdb3f6eec93eba5b92e41f5,1,0,1,1,0,1
5451,0xd4007b2941650a2d53a7f3516463586c98971801,1,0,1,1,0,1
5452,0x35cb48118876994feb6762ad713b97bbad556450,1,0,1,1,0,1
5453,0x54a6641e3c79011d207064dd8d8a992962fba78f,1,0,1,1,0,1
5454,0x03e28314ad54cead6a1c719c52d862935c3ad663,1,0,1,1,0,1
5455,0x6c0c69baec2111137f97bba7af17b5b3ff780416,1,0,1,1,0,1
5456,0x4c6f691284c7a8a0ebfd51eb03c08cb6ac26cd0e,1,0,1,1,0,1
5457,0xda1f700e47e4b50e9988d29ea6bbad803242b72c,1,0,1,1,0,1
5458,0x983ca11b8e026ec0402ed7bdf9645a7cea8bcbf4,1,0,1,1,0,1
5459,0x7439bd5f6ae7373ec3936f23448da29027888389,1,0,1,1,0,1
5460,0xdcc8de68574675eb1fbde72172f4d9b21729f8a8,1,0,1,1,0,1
5461,0xd0e496cfc94a1431d5bce338883922b3776c26f0,1,0,1,1,0,1
5462,0x039deed74ec5413af35ab43662bf024e31c15f0b,1,0,1,1,0,1
5463,0x943a39b6630c0b1d4b5fb6e674e68cddb19d29c4,1,0,1,1,0,1
5464,0x30d21f7e4886b9a8f24191293c2856a11f8abda2,1,0,1,1,0,1
5465,0x20b987341852a7a4ff77f66f4910d55cdb478fac,1,0,1,1,0,1
5466,0x3e4dca28669924963b1dfe2bbe7571f05765fd2a,1,0,1,1,0,1
5467,0xd7387b7d5276ab7bc78883ba3a2fd339a689d857,1,0,1,1,0,1
5468,0xb045b725babcd6e69aa700786f62c450d00966e8,1,0,1,1,0,1
5469,0x020fc5e269872e6893ab7fc24486534ea228c5a0,1,0,1,1,0,1
5470,0xcfe9c6d3bb5edac6ba9e22cffc8432c59c6d5acf,1,0,1,1,0,1
5471,0x61863be6b577f5e7f960df3f2f14179fb2e70fcc,1,0,1,1,0,1
5472,0x1d8588e4cb7619c356fd44ecc8dc0bb3cb99c0a1,1,0,1,1,0,1
5473,0xb402b8b4b7e369b15fef0d5b87ccb141df6f9d4f,1,0,1,1,0,1
5474,0xb74e4d1592dad73f3745f57605580108ebaedad5,1,0,1,1,0,1
5475,0x877819c26ef70226924b2b841a3934e577473815,1,0,1,1,0,1
5476,0xb696f90c50a785db97448f862affa94198829a77,1,0,1,1,0,1
5477,0x54b154d4fb3750c22b3c4062e9c588ad147e2ce4,1,0,1,1,0,1
5478,0x3efc2f9f574626a564e0fbf4ebac1f92c753e2bf,1,0,1,1,0,1
5479,0xcfde1e0befaf228e11564ddb59b32d65666c3902,1,0,1,1,0,1
5480,0x4db875e19804cb1728c444969ac639b84b6db76c,1,0,1,1,0,1
5481,0x6663c4eb0b28a6c3bdbc7d08a7cc15e0899cb4c7,1,0,1,1,0,1
5482,0x9c0928d6e8ebce052877ef9d02deb28913c371e0,1,0,1,1,0,1
5483,0xf257ed55530c000004c24c63a68ee33788314e11,1,0,1,1,0,1
5484,0x4e28bdfbc6e6895276554907fa28242b935e09e6,1,0,1,1,0,1
5485,0x4d53f9106edd415ea63c847c9aa8d12b31880e05,1,0,1,1,0,1
5486,0x47edcd79ecd95c38f603067609e83c6032bb49aa,1,0,1,1,0,1
5487,0xb41be111b831ced6d06a2fc3328609d6bc61427f,1,0,1,1,0,1
5488,0xb9d541da71e80d12703b7502d19f9d64f3bcdd9a,1,0,1,1,0,1
5489,0x05270ccfd7ee0fe951c5d184b495db95a1cf27b2,1,0,1,1,0,1
5490,0x62e91fd0749e16d9868845e6db40073f8f8cfa94,1,0,1,1,0,1
5491,0xdc3431a940c1f01684e20ee611bfa20e758ac512,1,0,1,1,0,1
5492,0x00c56b48db3a47b87b4a1377dcc7bea024025645,1,0,1,1,0,1
5493,0xfa2b4b025157908937deb4d6cc39151b67295ffc,1,0,1,1,0,1
5494,0xb9afc08fd14feb3185e6ae7310843c5cea52a7ec,1,0,1,1,0,1
5495,0xc7e0c8cbc682e5ab974a6c7c6085c59813010fdb,1,0,1,1,0,1
5496,0xa36d943ce1266dcaa77626c413410f0fed8828aa,1,0,1,1,0,1
5497,0x9b40b05f6885bd414e77c51d97faa284dbb559fb,1,0,1,1,0,1
5498,0xde963e2ff9273e1bf9f034283f186d7fd89ca3e9,1,0,1,1,0,1
5499,0xfd50d0776228c3747a410548fa17036d1c3bd693,1,0,1,1,0,1
5500,0x508a9d47a6f936e42fcc4e1f9fedf479f7972cb2,1,0,1,1,0,1
5501,0x43da75f01c4bd16797f1b757a63876bd26857bc5,1,0,1,1,0,1
5502,0xb34bd2305144af6e86cec557a90581a242447b7c,1,0,1,1,0,1
5503,0xff5af92eafc904f9ac29514f99e7c9d04d44f5e0,1,0,1,1,0,1
5504,0x8e634d2eac9ff3d9a0a240f6eae6a1717c88a08d,1,0,1,1,0,1
5505,0xa486dff35c1f397b0f0c80de43ea5b1929928fc6,1,0,1,1,0,1
5506,0x9564bc29f354cdfca553e355682b7b7c493ff29c,1,0,1,1,0,1
5507,0x0a263623d75eaaae19c82a29f00ae97b9ad6e390,1,0,1,1,0,1
5508,0xca148fa49a8e68d44a924c8d8200fd48a20d6860,1,0,1,1,0,1
5509,0x15bf2eeb8ae6ac97ce6e7889d6fe08a3270d666c,1,0,1,1,0,1
5510,0x1d9edc0f655a49c2785f7fc049113ba491e6d5ff,1,0,1,1,0,1
5511,0xe796c68e35e8e1b2e455eab2e9e9db867d9ca6b2,1,0,1,1,0,1
5512,0x308ebd3055e36ad3683db746962e21b1b3a315bc,1,0,1,1,0,1
5513,0x0bbf9f25c863fdf19e645c96280004d24f43cb38,1,0,1,1,0,1
5514,0xdf0ef2481c97eee289d932c303bed3e3202e3a9d,1,0,1,1,0,1
5515,0xe53bdcc00bcdb94cf34e3357caa5b3ae80996d49,1,0,1,1,0,1
5516,0x0c6547f6194899fbcae77f6b9f00977e84cfab36,1,0,1,1,0,1
5517,0xe36991af5b2eefba5c77fa7bf45d8c18697db853,1,0,1,1,0,1
5518,0xe840aa03def4260fab734781bb4892d2dfa8dcb8,1,0,1,1,0,1
5519,0xd59eccf066a5e2f8047584081b6890bd07f318bb,1,0,1,1,0,1
5520,0xaf7bc6989646d85f69e4634554641f97a5d4036c,1,0,1,1,0,1
5521,0x51c586a56c048285f1bc120dc87bfc4edb9af64f,1,0,1,1,0,1
5522,0xed9b93f41ef782d5ea834bf2a705025cfb66e93e,1,0,1,1,0,1
5523,0xc69deb4bc1eecbdf04ba3fecf05b7a810dc93d40,1,0,1,1,0,1
5524,0x807c4a5fa1dd6494831a3555d136d744b02db3fd,1,0,1,1,0,1
5525,0x5c8aed9972b94d2656a13550365d734ba04b5f90,1,0,1,1,0,1
5526,0x0bd42f3be2bd3c0880f781a9cbbb90abaa623278,1,0,1,1,0,1
5527,0x87afaa198117496bce792b6a5de3b33ba7cac73f,1,0,1,1,0,1
5528,0x108982a286c3f5c8f92a9dbc0ef6a04e81e4fdf9,1,0,1,1,0,1
5529,0xa7d02b62e9c8fcf455093eea1b1fc0b899f2613a,1,0,1,1,0,1
5530,0xec059f2f6e185109b591f6be5fa6f3fbeeb79b35,1,0,1,1,0,1
5531,0x687703147819c33004c9e6d138e8ad9ed6149612,1,0,1,1,0,1
5532,0x19e1f5642e3f4088d3d2310e0cf43b3ef870b99f,1,0,1,1,0,1
5533,0x3fcdebcaf5b31efbe8b10b161ac0fe9a1d359aa5,1,0,1,1,0,1
5534,0x8b2c2a797556e2ea84278fd6450e7e1fb1770a3b,1,0,1,1,0,1
5535,0xe39abf100b99f004d93fc2da783414c265cb5798,1,0,1,1,0,1
5536,0xaea1ce9a6874eed0ccfa4e2320b747e7158ecf92,1,0,1,1,0,1
5537,0xb1e54796c078d35e2b637c491a17603f93124b2e,1,0,1,1,0,1
5538,0x24b23b1a6ec01a788248a37311f6a25523d5bb3a,1,0,1,1,0,1
5539,0xa03ab59bf36b0a798fd1e3c2d86e443be80da3c9,1,0,1,1,0,1
5540,0x6de9ed952dfae8db4486e98dbbd5f1a49d53e213,1,0,1,1,0,1
5541,0xa063f87c5e1a7904091b21b9a8bfbd12e56f07dd,1,0,1,1,0,1
5542,0xdfbfad8d6b792c22337e38b697b55125f9fff5b8,1,0,1,1,0,1
5543,0x13bdf36d6982e6e9eb73b1aca0ff16f5bb1f17dc,1,0,1,1,0,1
5544,0x93ecb5475ae4f3710a9141cc6a885f617a089726,1,0,1,1,0,1
5545,0x23acf54f9637f0ad66fcf0f8b8363f9a5c16f2a5,1,0,1,1,0,1
5546,0xb16164870adea16409e9c0f73e5a1fa0d1f1c087,1,0,1,1,0,1
5547,0xf7b6ba046a5cfe9f735f9c8af6d6af86caeeae2b,1,0,1,1,0,1
5548,0x93a558f6ff455b28719030686f75561e4a76431f,1,0,1,1,0,1
5549,0x97696b55af359a06b033d81490b991cedec462b0,1,0,1,1,0,1
5550,0x2f4a7cf6d6ca946b0583154505b9ac8dbdcf53ac,1,0,1,1,0,1
5551,0xa4c38766689c0b1dea2c945be0c35d3ef9b91dc1,1,0,1,1,0,1
5552,0x2a01d339d3ab41b2d8b145b5df8586032d9961c6,1,0,1,1,0,1
5553,0xb8b6485646fd7078dec185c8e84645e7988e425d,1,0,1,1,0,1
5554,0xa4a172e60c64bfc0551c58c4fc16c5ff9d380e00,1,0,1,1,0,1
5555,0x5bb04940ac7ea618274e2e1cc5981436344fcac7,1,0,1,1,0,1
5556,0xf01adf04216c35448456fdaa6bbfff4055527dd1,1,0,1,1,0,1
5557,0x0da83b449553c40e08ba8111bfdcf702fd3836c4,1,0,1,1,0,1
5558,0x54e6b330c28637f5868ae8f1a46b8bebbd487f8d,1,0,1,1,0,1
5559,0x7af418840aa874acfcc6b07134a830733b64be79,1,0,1,1,0,1
5560,0x7d25a37237ea70ce60aae18a10055de26033971a,1,0,1,1,0,1
5561,0x6fab6665c439f0535b6ae91e1ed315af9bdd9754,1,0,1,1,0,1
5562,0x4895b9d9bd49abd2bed8509ea5bc7552811fe746,1,0,1,1,0,1
5563,0x8b820f1fdb9d4fc5ba8432e334dd120d1a1851a7,1,0,1,1,0,1
5564,0x40261822ebb529d511924f9777476ec47c804870,1,0,1,1,0,1
5565,0x2737b3c3918e9e72c1c1561d2ee5eb7b89b4a960,1,0,1,1,0,1
5566,0xd0747d83df1ba60abbb1d649506f2bd1eae86590,1,0,1,1,0,1
5567,0xf592a5bf81e750854a531e7b82ec0313a8181295,1,0,1,1,0,1
5568,0x263a13fbe5416661d8ff67c5d98624d1553900ae,1,0,1,1,0,1
5569,0x9d6654e09761bf836d5f30870857e0b7ec81ca70,1,0,1,1,0,1
5570,0x001ac3f0972b620cd6be82ba54d111614d7d48fb,1,0,1,1,0,1
5571,0x7caf63121cee553eeb9083cb5dac1596dfb8a0b2,1,0,1,1,0,1
5572,0xd9788b1e351a30d9c7233ea0a0a307da58dad59e,1,0,1,1,0,1
5573,0xbc1701b337237ee0a33937753bf04155bea981b1,1,0,1,1,0,1
5574,0x2d821debab9ffd7db7556f8fec7a714f9f553355,1,0,1,1,0,1
5575,0x924dab9d8e116bea7532ec4d3a21b08b5a5d94a2,1,0,1,1,0,1
5576,0xde7bc7babf14f68cfed0392ef4ee6b47f0330eaa,1,0,1,1,0,1
5577,0x2260be5813fad93d8182397f435074b126f06bd0,1,0,1,1,0,1
5578,0xd35fc346e15ba5b446917c9fd23a9471d6144701,1,0,1,1,0,1
5579,0x66c1cb7d63d6dc5e049ce7667d8973dc35dfb427,1,0,1,1,0,1
5580,0x86596691c02a95bfe8a66e50fe808523a560250e,1,0,1,1,0,1
5581,0x6b043cfc5c7317e4542471818170a45464a93c98,1,0,1,1,0,1
5582,0x091cd8ab9feb8e55cc5b21d9adaf866b3e5b46d2,1,0,1,1,0,1
5583,0xcbd96b712c404ae49dd6e87213c89eb9d3819da1,1,0,1,1,0,1
5584,0xdf0dc4bfadcef67332efe00e4ff680405fb4008b,1,0,1,1,0,1
5585,0x45602bfba960277bf917c1b2007d1f03d7bd29e4,1,0,1,1,0,1
5586,0x753be4552bc0994ca43cd3eff180ed7dba861b5c,1,0,1,1,0,1
5587,0xc4b5d78a1a225b24b1853b30cede947dcbfb9960,1,0,1,1,0,1
5588,0xd4b6486cbcded38410d46a3018d76978dec684be,1,0,1,1,0,1
5589,0xf51874f118eb34704d71e1ae9e0d024689d3d034,1,0,1,1,0,1
5590,0x3341214af49039a358efba89a9fac1910dfd9f86,1,0,1,1,0,1
5591,0x3d51b84eec25471a281a90fc4c6e33b925964978,1,0,1,1,0,1
5592,0xee6ccb2f0affcf58583f266433f7f1ce0b99a281,1,0,1,1,0,1
5593,0xf3b234f534afc197c572f40e57d6fc9fc8e4361b,1,0,1,1,0,1
5594,0xd496d317b30bde8ad2b5fa0e954331c9b7e0ebc2,1,0,1,1,0,1
5595,0xcbbe34a3e25341a568985ea1d43f5f3847f3f047,1,0,1,1,0,1
5596,0x1a7d62f16c912e512e4732ca609c526eac182bc9,1,0,1,1,0,1
5597,0x590f7796c7573fafed2fcf50f3dbd9ef79fe51b1,1,0,1,1,0,1
5598,0x227edc4319661bf37afc288d9a6320e802fdb73b,1,0,1,1,0,1
5599,0x9bbcfb97747884e1c1c804a3f537b4b28c3039ef,1,0,1,1,0,1
5600,0x9bb098cb9987918120acb6c30e086d84ab2516dd,1,0,1,1,0,1
5601,0xe140df8a1869548d039f146007e379c17f2ad45d,1,0,1,1,0,1
5602,0x9c499fc1b1066a18e7f6ebba2794795c2495817e,1,0,1,1,0,1
5603,0xfb610f4fce45fa08c042629680acf46c3d69a49e,1,0,1,1,0,1
5604,0x9403d26e653ce02857ed9a5bf9d3d34116b6c414,1,0,1,1,0,1
5605,0xc0a980a6d0c11bc665ab0fd206051172e04841d6,1,0,1,1,0,1
5606,0xb338c6ef3fe4cbe4439f2cbc4bbd278d30ea0722,1,0,1,1,0,1
5607,0xa2e3dea941b8431b717fab314a732c609b5933f8,1,0,1,1,0,1
5608,0x3b230bf845959ab46ae61259f5b9cc8757d42a88,1,0,1,1,0,1
5609,0x8836e7a2140219220accf1bde5ec9342a44ed2f1,1,0,1,1,0,1
5610,0xcbee81ef354480853cc21165930d265ba1326266,1,0,1,1,0,1
5611,0x7a18960043093e89d804a30d5664ce769cd153a1,1,0,1,1,0,1
5612,0x1bbc4a5087588bbf1f00005a9a39df3f3c9f852b,1,0,1,1,0,1
5613,0xc1671085a6d14d46e78cf6f1999e741fa3c3332b,1,0,1,1,0,1
5614,0x5d331b81e97100a88618ca56b8d9c64cdbf177a3,1,0,1,1,0,1
5615,0xc9775975af2af14762603af25d7b3f908173fae9,1,0,1,1,0,1
5616,0x2632357245042c22e9172b3e78aff8306c1dba3b,1,0,1,1,0,1
5617,0x20c6f73a8f39cba0597b8bba1073cd515e4d7edf,1,0,1,1,0,1
5618,0x50528d4346088d17d3c80eff1d2b9a537f8f906c,1,0,1,1,0,1
5619,0x6b246e6b7cc342aa80fa79fabe68b3c32220d5ea,1,0,1,1,0,1
5620,0x064edd64edc551afd44ae59661f639a43c7e861b,1,0,1,1,0,1
5621,0x792bd6495a1d8c806939ce387c5250a8b24e8820,1,0,1,1,0,1
5622,0xfbc3684db0a19a5993caf656ed1bf418c3e8cc75,1,0,1,1,0,1
5623,0x413fb5be1cb14699a422305cbd192a71a17fce60,1,0,1,1,0,1
5624,0x1c398845d86027a2baa65abd5012e8fbcd0daa72,1,0,1,1,0,1
5625,0x54bbeea46ac71801e348bb426b41bc05a69b1159,1,0,1,1,0,1
5626,0x6f2e4a9e8d4ea9fdbb638fe122a4b921caac2bbb,1,0,1,1,0,1
5627,0xdeaa426d8831d1764df5291b9c68065f0f0f26e8,1,0,1,1,0,1
5628,0xfe47fc39c1d3dca184e8289c37e5ef59627dd18a,1,0,1,1,0,1
5629,0xbe23098ea190972bf001cc1997a9163fc73777c3,1,0,1,1,0,1
5630,0x5d6dd6e8caa61fd01aaf3367706b1d0ed8ae6557,1,0,1,1,0,1
5631,0x3a60eca4bbbd3248b5dc11d233eeed2115946c2f,1,0,1,1,0,1
5632,0x674ddaeda154ca3fa1b56940a86f94cf5afcd5c9,1,0,1,1,0,1
5633,0xc6b291e134696b6e278c352ea9248ada6c0d030d,1,0,1,1,0,1
5634,0x1b1a4fb64b5bb26dbd5a4b8a291e4de1bd5d58f9,1,0,1,1,0,1
5635,0x9610eaa57c9727de2021ec4bb4244f37a09e576c,1,0,1,1,0,1
5636,0xb13b7cd2f8d63fe1fe723bf67a70de5636c5e499,1,0,1,1,0,1
5637,0x424bbf8bdcdd91497def20e8a8bd21d7ee4ca6af,1,0,1,1,0,1
5638,0x768a5600b8d8c792cd7a647848f2b658ff77078c,1,0,1,1,0,1
5639,0x5bce383b83934411bd1453ca5e5aa1a9d6267d53,1,0,1,1,0,1
5640,0xd0b96e4d8fad6ba2f54c95556ff4857066a49a9e,1,0,1,1,0,1
5641,0x2b97df81063ca5f078bc093ebef0f1a9fc5853b0,1,0,1,1,0,1
5642,0x979c461baa91769a9f3ae77b266de1fca8083b75,1,0,1,1,0,1
5643,0x7ccda75e8b084b4be33d79abf881eb86acfc7b93,1,0,1,1,0,1
5644,0x48eecbe9051307336d52528ea8dbb7a2cb29a679,1,0,1,1,0,1
5645,0x82cc8ceb2042b3410dd68b32652166c26e6e1750,1,0,1,1,0,1
5646,0x3b2e8772e8b33fb1380999b78a6d459a52f156fb,1,0,1,1,0,1
5647,0xe2f35e921bbed8435ddf742133f54541855259f6,1,0,1,1,0,1
5648,0x7f65605d24f5bdd0823e3613d43532ac57964842,1,0,1,1,0,1
5649,0xee620a0991d57f464aad452789a4564ba51245e8,1,0,1,1,0,1
5650,0x0fa3219b914531916c71a10f12368781725d2ee9,1,0,1,1,0,1
5651,0x2294afcba05d3fcb244f4a05c5afd150329019ce,1,0,1,1,0,1
5652,0x9c4dd1f8b44b39662fd9d942f310bcf27e3a3038,1,0,1,1,0,1
5653,0x971e87bb6a90b8c791d703ea3e78d103c99d50d0,1,0,1,1,0,1
5654,0xe89ec34a4d1c389a563b138b223f146b5d49fa01,1,0,1,1,0,1
5655,0x5995d1807b200acbc044a838fc55569f1d5877ef,1,0,1,1,0,1
5656,0x3faba5ab3c8d8d870154ee8086297f117fad5f4e,1,0,1,1,0,1
5657,0x3da2b0ba94fe775975d495e540207afd800a9c60,1,0,1,1,0,1
5658,0xd7865c2af367b950c3a0d1afc4309d4a1ce97adf,1,0,1,1,0,1
5659,0xba69a1046b4504952890f6c9f5e79bb9324d3871,1,0,1,1,0,1
5660,0x4b29027a6098fc7e8341a40a018523ca873e7b60,1,0,1,1,0,1
5661,0x23a6b6527f61cef156879434273f8b7a67364c6e,1,0,1,1,0,1
5662,0x3dd8852ce2a40a66a40eaef37d6b1ad07aedb786,1,0,1,1,0,1
5663,0x5bf26e855b395fcd099e56fc7bed20ecb5e26930,1,0,1,1,0,1
5664,0x7036571da80dd49b43163aa5674578252cfbf991,1,0,1,1,0,1
5665,0xfc6bbf4763845e3fe68cad2368f9e1b45f231d32,1,0,1,1,0,1
5666,0x216db7326a333279f6c354fbd7a150319eba3daa,1,0,1,1,0,1
5667,0x5610f3d56812ceb34a1a79b441a4bfd2247a262c,1,0,1,1,0,1
5668,0x599e6f938f58cc6711e4d672c97965d65157207e,1,0,1,1,0,1
5669,0x38ee8e883207d12f78396f640bda7d998ae5087c,1,0,1,1,0,1
5670,0xc9cb86b2c2c1b1a2625e7f901288dc63c9e34152,1,0,1,1,0,1
5671,0x5541cb105cf6c31fe1a23b7744406409b08e7912,1,0,1,1,0,1
5672,0xd8be05dc10250e7af87140f32d2e0c6c114b21e4,1,0,1,1,0,1
5673,0x550cc48c05ddbdb2f06f458b53696193aa15f53c,1,0,1,1,0,1
5674,0xcf64ee1ddd318c2f9326d15b0db8854dd0332af2,1,0,1,1,0,1
5675,0x5167d014a056e43883e1bbea5530c3c0dc993281,1,0,1,1,0,1
5676,0xbc73f2c1e35763fc445f3f75406cd0ae6f0dca0a,1,0,1,1,0,1
5677,0x3b9970563bb6120ddebb84719ad00ad46d0dcdc2,1,0,1,1,0,1
5678,0x8136efbaf75d7b13f033573666f393d65da35953,1,0,1,1,0,1
5679,0x4437d50583cd5d1a3985c54fe0404e290dbc815e,1,0,1,1,0,1
5680,0x3571013d55c0dc7b8a6b316ddb101e0a0035b5df,1,0,1,1,0,1
5681,0x9167582f3a78c7135b0500cf2f68376259712e3d,1,0,1,1,0,1
5682,0xbf68d68f994ee1eb3ff6653ce9928e897f95f29f,1,0,1,1,0,1
5683,0x9c07224fd1662fc266c9d9df0906f11e7419e814,1,0,1,1,0,1
5684,0xad4489f64a8be791294116d3e99d2721c7f0a72a,1,0,1,1,0,1
5685,0x2d5dacba63dc6c09f64115710eff8a7f1cb8b9a3,1,0,1,1,0,1
5686,0xfaa3956c6cba71139481d0d5643da190ca4b8712,1,0,1,1,0,1
5687,0x2a168c5e0f40cd7e29d847730e30b65ca93f9295,1,0,1,1,0,1
5688,0x2df707cdd3b95b0a3378d85788d8fd60ecaadd13,1,0,1,1,0,1
5689,0x79f49449a106d290e697c3492694b80171052a8c,1,0,1,1,0,1
5690,0x838cb963960cf39c0320ad3101ce26ac8d58f1f3,1,0,1,1,0,1
5691,0x85129c438dc00d32a9008b2f28fff0cb6448e63c,1,0,1,1,0,1
5692,0x0895b21d1b3abe7d4f761b5870c36887cb310a5b,1,0,1,1,0,1
5693,0xe2abf854f17b6546e2dd9ab72d9a2b48c8c9f204,1,0,1,1,0,1
5694,0x5d9e72bbc75041d563c71564f6d74f4f95e57854,1,0,1,1,0,1
5695,0x0d51c161ddc29abc4a75a697b338bb7853121555,1,0,1,1,0,1
5696,0x58d62d9167c94bf83bca0f33fb2a4f366ba13dd1,1,0,1,1,0,1
5697,0xb6d59d5e38564a848ce29991eb439986e2bab070,1,0,1,1,0,1
5698,0x873c417935edbe1106c603e7e2f760fe52129120,1,0,1,1,0,1
5699,0x110bb30efc9714c2406b07f3855a16a701232a45,1,0,1,1,0,1
5700,0xe7208b583f3d20e5e25a59c90a06bff7332b5b9d,1,0,1,1,0,1
5701,0xee7e28e83746cfac02387c4afb0b8ea7dbd1b06d,1,0,1,1,0,1
5702,0x920b02812abc4b9e175ffd57e71920c4f1ab8de2,1,0,1,1,0,1
5703,0x294d8c202585460525c56b9e1913bffe20e6534a,1,0,1,1,0,1
5704,0x1944bb07311ce46c7f27d9a711cca586213d1ba1,1,0,1,1,0,1
5705,0x5c5efebe2035a5f3d180d545c54c8e6b95c31068,1,0,1,1,0,1
5706,0x8af01548ab2994ad46ec1806bfc2ffd7ab8a9061,1,0,1,1,0,1
5707,0x5bf8e68bb087bdf1475677b7ffa8510c5ffadbe0,1,0,1,1,0,1
5708,0x9ae94ee7066b9369dc6c1674ce2615e4247e70f5,1,0,1,1,0,1
5709,0x92115e7b5df3dbb0a573d1a12f90415a08572b80,1,0,1,1,0,1
5710,0x81cbc06dda841690d100bd351c0f83ce1160b0b6,1,0,1,1,0,1
5711,0xc61288821b4722ce29249f0ba03b633f0be46a5a,1,0,1,1,0,1
5712,0x3fb9da3abc1ee21848f8c1073a11802ee98344e4,1,0,1,1,0,1
5713,0x26f3afacf8b4c462cb2635b516db7888dee73813,1,0,1,1,0,1
5714,0x50f4aedb1d1cf5e40111b41906add34f7d164cd1,1,0,1,1,0,1
5715,0x665b73bb9fcb66f6f449bb9de0f2558eea269781,1,0,1,1,0,1
5716,0xb8cf4febb8e89d5bbede4c338733f17734f073c4,1,0,1,1,0,1
5717,0x01b280e05041ee251a1fced1c972154df5dce52b,1,0,1,1,0,1
5718,0xb04ea621feffdb85a096ec152688a7f327608128,1,0,1,1,0,1
5719,0x29a99f7fe080f72223dad48d5e1e86670a984326,1,0,1,1,0,1
5720,0x3e21d6af85a7fea8203f9e4d4578850576bc97eb,1,0,1,1,0,1
5721,0x93888ac8404c748f44033bf3f5aaa0fdbc415d11,1,0,1,1,0,1
5722,0x3ecd587a9dcd5e07546c5687bff83a040eb66b8a,1,0,1,1,0,1
5723,0xe6ed0f5c343f1ce1096ec31f59376890cfd3c468,1,0,1,1,0,1
5724,0xb178eeb7beddfef3bfb9ef732592943917f60638,1,0,1,1,0,1
5725,0x7af95ec1b2ed43a49aff6270850a3222688cc789,1,0,1,1,0,1
5726,0x297a38fa10f2f5cbedc4fa537216812069929b57,1,0,1,1,0,1
5727,0xfb365f7761de87e284cdc94ecfa78b8a49e34a6b,1,0,1,1,0,1
5728,0xa2bca485a04f790fb50f1c190fe94f9459442c42,1,0,1,1,0,1
5729,0xcffe08bdf20918007f8ab268c32f8756494fc8d8,1,0,1,1,0,1
5730,0xa5bd479cc3f8afb51b59a1fc65db58ec58079688,1,0,1,1,0,1
5731,0x9b813af35e8a950f60aac134b1e1813880136e9a,1,0,1,1,0,1
5732,0x7986b3d9f702034fc3f0401181cdaebe1646ad75,1,0,1,1,0,1
5733,0x6cc9c02f32ca8eed0760858e1d484c661ba2e21b,1,0,1,1,0,1
5734,0x6bd5b4ce070bffbb8fa9d138df171aaef724f8ee,1,0,1,1,0,1
5735,0x54e1d0dbbc2486fd3c6a69e229b897581a598547,1,0,1,1,0,1
5736,0xcab8e0292dc7baa2bac366539bd817aabb0a6bea,1,0,1,1,0,1
5737,0x1e17a75616cd74f5846b1b71622aa8e10ea26cc0,1,0,1,1,0,1
5738,0x1c0aa8ccd568d90d61659f060d1bfb1e6f855a20,1,0,1,1,0,1
5739,0x0d9dd638b24365310e8cf6d31f9a30f4283961eb,1,0,1,1,0,1
5740,0xa142acc507c3f1f7839d5380cd2a4f9d3bbb0a02,1,0,1,1,0,1
5741,0xf095900627183aee20858088029c63cacad57d1e,1,0,1,1,0,1
5742,0x5324b01e0bf195b1ee28068aa62586fdac77fc22,1,0,1,1,0,1
5743,0x265df105d0ccf69de90d38992d0439c87ceef3a7,1,0,1,1,0,1
5744,0x77eaae58d620f871f7e02c315c109f417c7bc550,1,0,1,1,0,1
5745,0x3612aa0b3c48f934774462ba4e7947ccc351a15d,1,0,1,1,0,1
5746,0x5de5c3494d558f80cb9cb3c4dd2ed9e3a9c3e3b8,1,0,1,1,0,1
5747,0xda12f3f458ac85684c6e0e7bf027daa69d0d36e1,1,0,1,1,0,1
5748,0xe6792aefc9e3a85d086ef527615d699c2a289883,1,0,1,1,0,1
5749,0x8d2bbe83c16e7280b2c9063bff53e463a16a3f7f,1,0,1,1,0,1
5750,0x4e470a6b51174d938f58475b3bf718c42e564a07,1,0,1,1,0,1
5751,0x31ff1698a3cb4f3daaf2b2ef43e72f1a68d09534,1,0,1,1,0,1
5752,0x39621190f8da109f5d78b5e3a7672f9b3122f775,1,0,1,1,0,1
5753,0xfbd3aa3c5514f33871c9af0caaa5facf22a2dfbd,1,0,1,1,0,1
5754,0xb5e8add227067bf3db9989686285919fb669b580,1,0,1,1,0,1
5755,0x19d9694e73a37f039025bcc5df1077bfeebde0be,1,0,1,1,0,1
5756,0x9bd2dd01cca620b45b0682f437008ab6ce166772,1,0,1,1,0,1
5757,0xdc57f61232f456e201e55162c51134e7e84088a5,1,0,1,1,0,1
5758,0x6228e5f26f28736b0291632def38a92bb97558f4,1,0,1,1,0,1
5759,0x4730f5dde6daad4b9381f261c9f6f76ce6a9b4d3,1,0,1,1,0,1
5760,0x27effd3869a73ccec4f9d5b0f3ed14fa2cb562c1,1,0,1,1,0,1
5761,0x35434a35c19cabc4bd508edf538cc1cf33bda688,1,0,1,1,0,1
5762,0xab367c5ccc333d02a0d60bc5cf2feef8927163ad,1,0,1,1,0,1
5763,0x565fdfc750c20b48562418ca1eafae24edb56171,1,0,1,1,0,1
5764,0xf606a30c78e4db0b36845c8e47901718bd62d885,1,0,1,1,0,1
5765,0x7544a4d269b5ccc8e7dfb9deb99873c81c3bcccb,1,0,1,1,0,1
5766,0xf2066302e1c78fa9ed6aa22a90cb8c9005ebbb82,1,0,1,1,0,1
5767,0xbd282904697c3dde118bf49bab24b512e0a60391,1,0,1,1,0,1
5768,0x75bf302700221284296234fb580d7df68ee4cee0,1,0,1,1,0,1
5769,0xa60400e4b9c5052d536015b5445bcc4a5a29a464,1,0,1,1,0,1
5770,0xef8c2d3052a7bac5b8e6bdc85a6df7c8b8a9f9aa,1,0,1,1,0,1
5771,0x8742d298d205f0c537d37308a9d556075d26cdea,1,0,1,1,0,1
5772,0xd396213d980140006051decdbaae37e23b2195d3,1,0,1,1,0,1
5773,0x7d005d2215aeb4da802035111279447d1cb166c2,1,0,1,1,0,1
5774,0xc1dd50d0a0900bb43f2b471a7a3b81b44c20e7c5,1,0,1,1,0,1
5775,0xafdbdbe2527037952e06a1c21ae79f6628509922,1,0,1,1,0,1
5776,0xd54f7ab07175d9effc4b72581517800b47ee7094,1,0,1,1,0,1
5777,0x4661b371fc9e7fbf6a30b7e2d32d458342f69fbc,1,0,1,1,0,1
5778,0x82c1e5593ed92ed6d352849d6bbbd7f0ef001134,1,0,1,1,0,1
5779,0x320f23780c98f1cba153da685e67c4f02ac78bd1,1,0,1,1,0,1
5780,0x05901d604780e6f95c9e8d571cfff2b4553f0b55,1,0,1,1,0,1
5781,0xe8762bc5cdd2d8279098f24be26103e7a2471c2a,1,0,1,1,0,1
5782,0x9c64e4fe8c13afd4176913f307c3572191c65c92,1,0,1,1,0,1
5783,0x9fc25e60f2f15238463fca64b1789adf19770fdb,1,0,1,1,0,1
5784,0x8b5b3fe82379c41e43ccc457ec4ff5feda4d1bed,1,0,1,1,0,1
5785,0xe48c655276c23f1534ae2a87a2bf8a8a6585df70,1,0,1,1,0,1
5786,0xbe496cffbaee1b4257289f200d5a1870afc06393,1,0,1,1,0,1
5787,0x3d69c3208db578072f16e0b9869bc1cd2e408bbf,1,0,1,1,0,1
5788,0x6d325d7a12ed072758b90d53615e7a283ab35bff,1,0,1,1,0,1
5789,0xa7f4df51f84ad0a9b7a4ced28b0442b6a9fe9db8,1,0,1,1,0,1
5790,0x9964206d40583845fd5a5a1eb6d16ecee0b1d243,1,0,1,1,0,1
5791,0x217fa79f6ddd362d42d666427dfe42b0d8fce7cf,1,0,1,1,0,1
5792,0x94515da04543c1afa8b3ba69c92ae28ca21c06a8,1,0,1,1,0,1
5793,0xece886a23c6ccee0a71aa3a15562d64f35779d8c,1,0,1,1,0,1
5794,0x3c9596b7e25b7ce747960a84444b16defd165d17,1,0,1,1,0,1
5795,0xf9b56bbe30eb73577257b0b49646ddc13c97e8b9,1,0,1,1,0,1
5796,0xc78e8ea590c6c75c346fe8c7b1ef302cffb9af0a,1,0,1,1,0,1
5797,0x663a5740a17bba311072d077a27b6d9c6fc9253c,1,0,1,1,0,1
5798,0xa32506582cafdf8b9b301f239674b0735358a48a,1,0,1,1,0,1
5799,0x7f2b3dd9e33417398cac97aa18c050fef2246847,1,0,1,1,0,1
5800,0x47c5c3a1c5b8161956ddf67b857662030ef7380a,1,0,1,1,0,1
5801,0x8f60d79fe3df6cd0e3a44288ad2f41af134d813e,1,0,1,1,0,1
5802,0x28e60d9200a2d6469ec60d1f1ae330985c79350b,1,0,1,1,0,1
5803,0x33ed5b55ca3344e43de28a3c6f4ff9a44e870e48,1,0,1,1,0,1
5804,0x5ae1283093f33c5f4c1e3a4f0c97d25ec78dc51d,1,0,1,1,0,1
5805,0xc165c3d47b86275547d84937b2f893614f652c57,1,0,1,1,0,1
5806,0x8669eb2599eb5ee4791047f962c9c553789c7161,1,0,1,1,0,1
5807,0x50f808e2876c025a2322883eb084c58528cf930d,1,0,1,1,0,1
5808,0x50918c0d6e3010a6772fc027e6d2ad434079ee0c,1,0,1,1,0,1
5809,0x3c4a88e444c7670499ecf9395ff726f1490b31df,1,0,1,1,0,1
5810,0x392ecdcfafbd5346d45027c717b02571f3ead8e2,1,0,1,1,0,1
5811,0x0b65a36fd3d5da2036c405847db19ab43b1a8c2e,1,0,1,1,0,1
5812,0xc16623cb1505c57c56b3dd9633dbb43991ab2804,1,0,1,1,0,1
5813,0xaf9eb4f8f69c41cc260dcaec145be88fb6b05c49,1,0,1,1,0,1
5814,0x442b797d8aac508bc79fd8210d5331c5a2555a58,1,0,1,1,0,1
5815,0x00968caa8cc9a889b74185512e58c3fbfb7229fe,1,0,1,1,0,1
5816,0x99ae41be061f5cfe9bd862550d91e6796af1aa25,1,0,1,1,0,1
5817,0x0df646ec713c6e232277439ecc0ed56f82acbb8f,1,0,1,1,0,1
5818,0xe46a0b010c226acd477fd4e17260e233299843d2,1,0,1,1,0,1
5819,0xba60b867ab6667aef7da9c58c3cfbf10d69ad757,1,0,1,1,0,1
5820,0xf4d02f3175daedb5b736cd11eb37a1b4b04a10ed,1,0,1,1,0,1
5821,0x087a9f8b81542c168f03499ef603989ba5472527,1,0,1,1,0,1
5822,0x7f87ae3bc6ee5e714e3c508c1be3d8fa64cc5831,1,0,1,1,0,1
5823,0x0eb0f8384e697effa7c37b66109a7cf9783d6fc3,1,0,1,1,0,1
5824,0x2eadc53582f041a1da547493c4bdd8eacb82ed60,1,0,1,1,0,1
5825,0xd104ce4692662b8e5b9e5d5d412408518382c047,1,0,1,1,0,1
5826,0x822b2207cb8e44ab3d8d96f5d5b034e212427e62,1,0,1,1,0,1
5827,0xae996bf0a9d122ce1dddefe7732920b6c1539c29,1,0,1,1,0,1
5828,0xf2ff48b08ce5a73bf2c54d54a733154b274496cb,1,0,1,1,0,1
5829,0x4d0c5acfb9c448cb5dd869d9e6e5697aa2a12ec5,1,0,1,1,0,1
5830,0x813d7b601fb0b7690790b85dbf164c02864eebe9,1,0,1,1,0,1
5831,0x47b7141be9c77510f8d3619bbeffd242a8c1c62b,1,0,1,1,0,1
5832,0x8cf86692b8870676af1789e62e860e571598966d,1,0,1,1,0,1
5833,0x64615160576999ff34c15bbd1f25d606b7a86be5,1,0,1,1,0,1
5834,0xd9665a98c91ab4b7107868f28d477e946f90ca8c,1,0,1,1,0,1
5835,0x8cab28448fc3a6984f7ea2a6745adb74f976debd,1,0,1,1,0,1
5836,0xc9a5318b94504d3c706e124896285d47c75e9bfa,1,0,1,1,0,1
5837,0xc34cce4331a680b416027ac783800146067748b0,1,0,1,1,0,1
5838,0xe4236251eb2e1f007d419ea41d46d6e6b64a0599,1,0,1,1,0,1
5839,0xe75b59681e9edb918d0ca4e773c788a3df79bf51,1,0,1,1,0,1
5840,0xd66b4217b8b33cb127c957033e257b6df64f24b7,1,0,1,1,0,1
5841,0x39adbd30d5560f5c6cf7b9d478072aa0bdd8ac8b,1,0,1,1,0,1
5842,0x26eafe48b999fc62b82ff6185608c62e67beffb1,1,0,1,1,0,1
5843,0x2332a02fea96b42fc3095ae7c73963980db9331b,1,0,1,1,0,1
5844,0xf778e801f903049d70dc39a029cacbdf75828047,1,0,1,1,0,1
5845,0xf90ddd0af0ffdeca3e750d043b5aacebcaee39dc,1,0,1,1,0,1
5846,0x7e99611cf208cb097497a59b3fb7cb4dfd115ea9,1,0,1,1,0,1
5847,0x0ec9efc8c5305978cb957c74b228d4949f5e9dd0,1,0,1,1,0,1
5848,0xb0eb8b4003fdd74f3c7994fbe5fce95ad10e3bcc,1,0,1,1,0,1
5849,0x6fcca65c53abac0d4dc17dd222b1fb24c19cbce6,1,0,1,1,0,1
5850,0x470e762299bad91107f00efc28f40d9c2b560117,1,0,1,1,0,1
5851,0x1bfecdfab4787338f0998ddfee85e78dd25e06a4,1,0,1,1,0,1
5852,0x5c0796ed4f0b1de9f9eda9fd6fe29562b2a60296,1,0,1,1,0,1
5853,0x893420dc72abaf895373e353883be4603a189fe9,1,0,1,1,0,1
5854,0x1f7ac472ee50a8493c0920259c2c7cd2731fe084,1,0,1,1,0,1
5855,0x5083328e080f68585114b0ce48f1f096e37fa817,1,0,1,1,0,1
5856,0xd0bff38f017462c72bf1895340a6803734e331a6,1,0,1,1,0,1
5857,0xf3f5661480bee0406377a5a2d225a0b05cdbbdd9,1,0,1,1,0,1
5858,0x12ae37f2ae64f5bb2f7808253318d9c542b2e5a5,1,0,1,1,0,1
5859,0x6054d61eb4c4153b7f5bfc31cb0f20bc85777e7d,1,0,1,1,0,1
5860,0xb550377c0603ad5fd385e9b2ad94e5a1fcf1e58a,1,0,1,1,0,1
5861,0x1ecefefee8c6326ad1b18b73cc74c343d55e8bd9,1,0,1,1,0,1
5862,0x998cf04333527d2994eb05f034649fb5e0eeab5b,1,0,1,1,0,1
5863,0x67d1456e2e8ded0c0cd3e63d2a085e36f84cb168,1,0,1,1,0,1
5864,0xedb2e4afa660b20dd037e0a552960e5896265158,1,0,1,1,0,1
5865,0xa372c078eee7da14c509e762672d81ecf85267ad,1,0,1,1,0,1
5866,0x64937ab314bc1999396de341aa66897c30008852,1,0,1,1,0,1
5867,0x1b1f87bf3e854c78ba0d75c7fbb334cd77932b87,1,0,1,1,0,1
5868,0xbfb6289734aed0e0a4057185b30f52d90509dd1c,1,0,1,1,0,1
5869,0x98147ffe34428e6828a29a0923664a10034531c5,1,0,1,1,0,1
5870,0x700570ada3fefb97acb2388acaf425790b4f11a9,1,0,1,1,0,1
5871,0x7a22e8c56dae044cce0ea73477346617b3d8bed7,1,0,1,1,0,1
5872,0xd6481b115a584e76e77620cb93b9760b54f06405,1,0,1,1,0,1
5873,0xde258b64a427df42e408ae03b42fe1f02a65bfed,1,0,1,1,0,1
5874,0x318b91fbd9ea0c25290439fa66ba1d6583e285b6,1,0,1,1,0,1
5875,0x301c2cfca20189988292ee03312f43adf541cb20,1,0,1,1,0,1
5876,0x41b3cfccf8678aad0f68cb5572b5dd0d070215c5,1,0,1,1,0,1
5877,0xe9ecb439e28fd99e6b924e944174d5b824051066,1,0,1,1,0,1
5878,0x0e6bc59bd8d439be50686acff8925988bc943919,1,0,1,1,0,1
5879,0x0f7bcd9c91ec517f58a719a9aa55da4eb28afe43,1,0,1,1,0,1
5880,0xb44c927b0aa24358ca199a26284e0e22d007add6,1,0,1,1,0,1
5881,0x53f17a45fc54000379466489479d46aad4173e2f,1,0,1,1,0,1
5882,0x826f3098906b96674ab703977783da60997dab72,1,0,1,1,0,1
5883,0xd51e0b01ac010ffc8243df7264f909bb62c62e6f,1,0,1,1,0,1
5884,0x51f65ada1d409425d3d2a0822c15072f42d6d12a,1,0,1,1,0,1
5885,0x1fa85889e388802cefd30b3104e8cc6f9a6eccd2,1,0,1,1,0,1
5886,0x289211805c4be738eb48ac7fb83d2897a6587cf6,1,0,1,1,0,1
5887,0x5f98187b3175823a23b41ccc94ed95c3eec79bda,1,0,1,1,0,1
5888,0x00be5e3455a049458e361dd4d0e7d800bcf9c4c5,1,0,1,1,0,1
5889,0x3f7ff4196ee21edac6698ec7336b5ae02aef8a9c,1,0,1,1,0,1
5890,0x3891c24380b9aad57fcfd6787d33339bcbd3063d,1,0,1,1,0,1
5891,0x5d636fce94250578d7a48849bdab463aca6a1809,1,0,1,1,0,1
5892,0xdbdb692ef06dfe10f609a9c0eab4b038d60b4243,1,0,1,1,0,1
5893,0xd22a8205f874e9df31268569bfd769041e6645ed,1,0,1,1,0,1
5894,0x76f0690dca32f4ee5e022da3e35dca9e982cb086,1,0,1,1,0,1
5895,0xd52160eb1051e38aa197925d774869f00e1cc9b1,1,0,1,1,0,1
5896,0x682a8bbc3398c7a22ae0e7876017352ccdc55841,1,0,1,1,0,1
5897,0x4d59cc087f1700e740235c7687b4d77c3c66ab49,1,0,1,1,0,1
5898,0x5a8f72b30ff02de5a14f5a275bb1c506f54d52f9,1,0,1,1,0,1
5899,0x4866c9a8f83411c1680da57eb76add5fc40644b5,1,0,1,1,0,1
5900,0x18398ef8653fe5b8acd12cc10cf645ed67258d04,1,0,1,1,0,1
5901,0x8fd72207bd776a222aedf417c31426b13761786e,1,0,1,1,0,1
5902,0x17a64b69648b0eecf6371eb1f2c5077843509f8e,1,0,1,1,0,1
5903,0x0cb7364c9ae9d03d6e2cf097fbda91d8e2c722c1,1,0,1,1,0,1
5904,0xbf3053c467877745b033e0f2a49e269946c9152f,1,0,1,1,0,1
5905,0xf617c8f8a91e11283e17f0e33fe58e9ec8c85848,1,0,1,1,0,1
5906,0xc778d3a55c050aa9e3aa32cd340ee76c595d2e6e,1,0,1,1,0,1
5907,0x597cc598e207d40d77df34ead7fef38acf3cb933,1,0,1,1,0,1
5908,0x5e88b520e0d239a737f862dde2a3a6d926f3653a,1,0,1,1,0,1
5909,0x8d98268b99919eb892462c908b322f7e3a0421a6,1,0,1,1,0,1
5910,0xa389ea7af75053b9240ae7e647790f9c0aaf963f,1,0,1,1,0,1
5911,0x97678245da77b863749753fa8fead68a59a5b3a6,1,0,1,1,0,1
5912,0xf07f9ff68071bb0e304811bef1f9b626b28d2851,1,0,1,1,0,1
5913,0x709ee411f3cdd0bd0dca8e751760b9ba69fb41ee,1,0,1,1,0,1
5914,0xa0fdca6a36a3019eedc1ed50b88233ea5c6b0016,1,0,1,1,0,1
5915,0xf688fc0bba7b8711780cf384faf8b75af3b1c4bf,1,0,1,1,0,1
5916,0x2ab9ef3a25016d7985f97e26b5793a80e4c17ab6,1,0,1,1,0,1
5917,0x9490b3e0582fc8e23e49d0e04b52a4f4d9933c2e,1,0,1,1,0,1
5918,0x19d965f2f429a750fd167e882fba0bbfa246170f,1,0,1,1,0,1
5919,0x6e7fd14c72f3b3b4edefa81f22b6c5fbf35e375a,1,0,1,1,0,1
5920,0x9d134b480d26cced8007cac51967b8fc9c17248f,1,0,1,1,0,1
5921,0xed35ff163dff45fb403f6bfb4ab465c58f90431d,1,0,1,1,0,1
5922,0xc8a0aaa58fc8c58472d5bbadffcbe8d8bd1cda2d,1,0,1,1,0,1
5923,0xb1cd096b0f16379f4c92326b36b5ac1105c67a95,1,0,1,1,0,1
5924,0x3cf88d01934086539bd0750dc4a1b77329b94975,1,0,1,1,0,1
5925,0xcf3886419e07b50559061d65168dddba3956b9fd,1,0,1,1,0,1
5926,0x0ed87256619fc6353de680dfb366eef5a33ae56b,1,0,1,1,0,1
5927,0x25612e8bd7683de22da45d717d0493b0e96424b4,1,0,1,1,0,1
5928,0xe2b8bccefbd41cef5f51b170b6de300832e33ab1,1,0,1,1,0,1
5929,0x08776603add5f4e0ea6fb1d4b25d65c500ea1667,1,0,1,1,0,1
5930,0x637ccc3588744dc078a33b72f33c589a63905ce9,1,0,1,1,0,1
5931,0x81c0e350062ffc51bc0dbf1c5cb2fa188dd8a252,1,0,1,1,0,1
5932,0xf3f0b1e047b7207cb5f961e139bf37c415d0b1f5,1,0,1,1,0,1
5933,0xe014c83557af1487eada78939c0f0e5bb0d6abd3,1,0,1,1,0,1
5934,0xdd413902f839b31512cad587d70508d517fe4ed3,1,0,1,1,0,1
5935,0x23a5466c79b64e26d65b6e81f9d15e3e653e20f1,1,0,1,1,0,1
5936,0xc33daaf2ffc693b236f56cab42e20a193f7c12ca,1,0,1,1,0,1
5937,0x9a6270de7c06b9cfc0d431176ebc3c57e034d4fc,1,0,1,1,0,1
5938,0xfdd8e7cdb94f3f4659c53807aa986cd9f0f2e589,1,0,1,1,0,1
5939,0x6a92722cfc0031f5055191f58c888b5c3f47fe35,1,0,1,1,0,1
5940,0x923d5989154747d62cc20a8f3c3d0a907f150ee8,1,0,1,1,0,1
5941,0x410e4a3e7f3e216bee991ca0100a829630920702,1,0,1,1,0,1
5942,0x6055e5cb776ccbe1799c61b6990515ee26e26681,1,0,1,1,0,1
5943,0x133ab2ad487f1056e3135e90927163055a228aae,1,0,1,1,0,1
5944,0x0962342a2a11159ab2366a8984e0ce066006d5b1,1,0,1,1,0,1
5945,0xd2326d96a75154c7b19750712a9b53d13c237a3c,1,0,1,1,0,1
5946,0xb7246bc74ebe8fbc8b8728921fd9c298ad3e251f,1,0,1,1,0,1
5947,0xc603bfc6dfa14fce60671c053249b9cca4970cba,1,0,1,1,0,1
5948,0xe58263cdb00730807a1b4658c49d30bea8939191,1,0,1,1,0,1
5949,0x91f9e30bcfc4201c3fe08a16423189edf102cbc9,1,0,1,1,0,1
5950,0xf9da81b5e9281323108f6c297f88a9eecf81f791,1,0,1,1,0,1
5951,0x1d5167969cda3b295dd19d5a076eb7960462e463,1,0,1,1,0,1
5952,0x1be50f2729d86579e78a989394bf5c8383e485f7,1,0,1,1,0,1
5953,0x4e31d51b9b2aa7afa9dc3a455b8b3495d6a64cdc,1,0,1,1,0,1
5954,0x6969ecd635a4c155dc8cd1347a5365603cf77b4c,1,0,1,1,0,1
5955,0x1cfb81d0f9f6931e2bd47e27156f0353bf228eb2,1,0,1,1,0,1
5956,0x1b3ab4634193b2d7155e9cba5d12a2301becbd58,1,0,1,1,0,1
5957,0x149007f0eb07be9038901f178994e4f395329932,1,0,1,1,0,1
5958,0x268bb82660ce818448c3da41a1bec1d3907e2fd2,1,0,1,1,0,1
5959,0xc0421789f0803e99736620d2fe9e4de42b9de057,1,0,1,1,0,1
5960,0x67b98fa27f40028e9caaf5a02535cf112db833aa,1,0,1,1,0,1
5961,0x3c400b1e8f0ce3eebde5cac54c1908aec5c7ce3b,1,0,1,1,0,1
5962,0xfab9923f100835ecee6962adfd55387c4ef181a8,1,0,1,1,0,1
5963,0x49a210f5fe8fc27f617e4470778867cfda8c1628,1,0,1,1,0,1
5964,0x42d7fa643cb701d0f5d7203446fc697b9df3a4b6,1,0,1,1,0,1
5965,0xe09136e7c918f3c32e0adf219cd290d97915e428,1,0,1,1,0,1
5966,0x5e70d04860201153ca8f45d024a277588290b009,1,0,1,1,0,1
5967,0x92fce18c240dd6d72bcef4b6c96393866de75c4a,1,0,1,1,0,1
5968,0x919b5bc134021cf5454f8f653cfcbf7e08752103,1,0,1,1,0,1
5969,0x13f2be4ed387708aa597e1e85be57caf6e0f31c0,1,0,1,1,0,1
5970,0x3e0d3b54f2d3c431748f63fa0bc4d5d2b089224e,1,0,1,1,0,1
5971,0xe47d7817665e08f3b625a456ed9177df1f98e6d8,1,0,1,1,0,1
5972,0x7bda36e22524a44ff093fd332bfe5f60717408b2,1,0,1,1,0,1
5973,0x6d0818879db9feb6ee814848ab6727c6ebd9d99a,1,0,1,1,0,1
5974,0x2d4292190879babc359d12f4a845d339138074b2,1,0,1,1,0,1
5975,0xdb517a741be68d1f0ba0e2d37f66a85ca3c12666,1,0,1,1,0,1
5976,0xe344489b0812e76657e59f4d14b2d3c4fac2a8a3,1,0,1,1,0,1
5977,0x8cd6f5db8b476feced3f9ce64347b8bfcc2afeef,1,0,1,1,0,1
5978,0x9984e0347fa18555d7040bfe096f4adf02e13142,1,0,1,1,0,1
5979,0xfe903be48f7774e806a2eec7a68fdb5a7c4edd17,1,0,1,1,0,1
5980,0x7a1f913571bec6b6bc9458d7eb34c629ba8b2cea,1,0,1,1,0,1
5981,0xe15777c45d344ee392ca745a92f8b57311db50d1,1,0,1,1,0,1
5982,0xedf276356414b5ea3c7863a0c85e625f2431eade,1,0,1,1,0,1
5983,0x1f77d34deff2b72b0a0258603effe72704742ebb,1,0,1,1,0,1
5984,0x88dde668c2ef3f95c12845b252a91600d28c44c4,1,0,1,1,0,1
5985,0x26bb8414aa829670992e751d9c91ceabf12d9294,1,0,1,1,0,1
5986,0x629a9dd0049c7d7dc65dc6f30f5bea1d703e5482,1,0,1,1,0,1
5987,0x653c4d48327721f464bc7d0660b91a400e2fc98f,1,0,1,1,0,1
5988,0x944df125cca3982472ff2ac212d3563025f65a12,1,0,1,1,0,1
5989,0x098c42b1d3097aebd127676c7bb723f0fde2501b,1,0,1,1,0,1
5990,0x0c697089431f421ea2770029249c9b7775efc4a4,1,0,1,1,0,1
5991,0x194bafc12d5eb11203062cf707c059a77dfcb76f,1,0,1,1,0,1
5992,0xc4b8bf09058be70c3f7bd28ac761af7ec5555585,1,0,1,1,0,1
5993,0x4d8732beb4a92fb4621d0b05e893c0594fe51684,1,0,1,1,0,1
5994,0x9c849d9c5cac511f267a9786b8647a2face76dc3,1,0,1,1,0,1
5995,0x3e45ba5fd460cff06b6da9efd6dc9eebbf55ccc9,1,0,1,1,0,1
5996,0x9a54ee60533bb5c4534f900601a4233165d11781,1,0,1,1,0,1
5997,0xb72f37f5bc3efea93904883cd609b14fb13196b3,1,0,1,1,0,1
5998,0x0b16ac7189986344acde47d225bc9172ff53b15b,1,0,1,1,0,1
5999,0x4fd2454c3ecf52bb06dbed5baf150f987df26778,1,0,1,1,0,1
6000,0x297ff08f9c0890e9e6ead3c3611e6fa0d5be6d27,1,0,1,1,0,1
6001,0x59f9e5811e8f4a92b9c35b1d6ac7e8469eeec761,1,0,1,1,0,1
6002,0x8d64898e2f89e3ca1fcd5684882812eb4960c985,1,0,1,1,0,1
6003,0x28710687f37e64799c59548607e2d1e1c8769ea6,1,0,1,1,0,1
6004,0x37c4e233e3767b79984de780660deef15ffb7762,1,0,1,1,0,1
6005,0xc79c179cfe52fe5d75771b054d1d6fc9eff18378,1,0,1,1,0,1
6006,0x278c63203f74a0c6e32ceefae8e7902dd63049c1,1,0,1,1,0,1
6007,0x33a578946096c3794759fee3f42e364424a004d0,1,0,1,1,0,1
6008,0x9535c8e23399949d832dfb34cf5dee9a95f4689b,1,0,1,1,0,1
6009,0x626ec6e610178a13ed1c9ccd3e0c28bd8d3fc51b,1,0,1,1,0,1
6010,0x216b3b33976641421b15d0260ca0160c993bdcdc,1,0,1,1,0,1
6011,0x731cd5124d48d073f4370dba709846627e93f497,1,0,1,1,0,1
6012,0xbd96498d8ef5d34348b3c9cd4d9811d77ce33924,1,0,1,1,0,1
6013,0x1fc7031c4680f714f6c9f2d93fa864e6b4a66646,1,0,1,1,0,1
6014,0x70a8b71d1c802daa566f2e8b834f715027392b2b,1,0,1,1,0,1
6015,0xcdbf7a4db0a22ee7a77a2402aa1df67554dd5b32,1,0,1,1,0,1
6016,0x1a17e3e503eeba9dfadeccfbb2a443734ea79081,1,0,1,1,0,1
6017,0x0cf992fa8b9a0ea9f99b174a6ab60a169a22b153,1,0,1,1,0,1
6018,0x9513bed7f2f10830b8110d4b6c5a05c3797ac01b,1,0,1,1,0,1
6019,0xd2129fbc59a674d36023b8257a9516bf1449fa64,1,0,1,1,0,1
6020,0x1831bf0892b9a6978dcc742fe999b961643a9ed7,1,0,1,1,0,1
6021,0xe961351e04b3aaf96f24abd0e988c58424c969a7,1,0,1,1,0,1
6022,0xf24ecf8093dd4743debd82c70c269ee07fdfde4d,1,0,1,1,0,1
6023,0x70d9efd74762da9036bbea5311d56e355f131ca9,1,0,1,1,0,1
6024,0x568b4e17ef0f56c1a5b802c2236e4a28f1ce52a0,1,0,1,1,0,1
6025,0xd2676a12c50dd4129779cad8f8e1427f25a2335a,1,0,1,1,0,1
6026,0xa47b1fc5ed4b296dea37806120d9bcefccd80ba6,1,0,1,1,0,1
6027,0x0edf5ce9edc993f3f1df7206363f24e163c844ca,1,0,1,1,0,1
6028,0xf0cb943e5b2d2eabafcfae9dd404913fdb11a2d2,1,0,1,1,0,1
6029,0x24698104eaa68b3ffd9dcaa158826fab7e0e1877,1,0,1,1,0,1
6030,0xe14adcd75892b6b4fc7c89a54afa95fde3e9dbda,1,0,1,1,0,1
6031,0x6ee547f587fa52d4a1b0b2793560da5e08e0aba1,1,0,1,1,0,1
6032,0x56ef3c91510bc075f4a300a9170f1c1f8813c5e2,1,0,1,1,0,1
6033,0x3332e118c00d73dc7c93008f0a482b449d1b0548,1,0,1,1,0,1
